0 0.33076923076923076 0.8153846153846154 0.32051282051282054 0.058173076923076925
0 0.33629807692307695 0.5578525641025641 0.32051282051282054 0.04639423076923077
0 0.3526442307692308 0.6721153846153847 0.32051282051282054 0.025961538461538463
0 0.14447115384615383 0.6112179487179488 0.32051282051282054 0.022115384615384617
0 0.14879807692307692 0.6669871794871794 0.32051282051282054 0.04951923076923077
0 0.09711538461538462 0.5778846153846153 0.22435897435897437 0.05
0 0.12379807692307693 0.7375 0.32051282051282054 0.03173076923076923
0 0.3108173076923077 0.6328525641025641 0.32051282051282054 0.046875
0 0.26009615384615387 0.6102564102564103 0.32051282051282054 0.06490384615384616
0 0.11634615384615385 0.6517628205128205 0.28846153846153844 0.024759615384615383
0 0.31514423076923076 0.7094551282051282 0.32051282051282054 0.05985576923076923
0 0.165625 0.7070512820512821 0.32051282051282054 0.06875
0 0.16442307692307692 0.8115384615384615 0.32051282051282054 0.06394230769230769
0 0.34615384615384615 0.6987179487179487 0.32051282051282054 0.027403846153846154
0 0.3230769230769231 0.60625 0.32051282051282054 0.051682692307692304
0 0.2935096153846154 0.7155448717948718 0.6410256410256411 0.065625
0 0.24879807692307693 0.7634615384615384 0.6410256410256411 0.07307692307692308
1 0.30096153846153845 0.5849358974358975 0.6410256410256411 0.125
