0 0.3627403846153846 0.6216346153846154 0.6410256410256411 0.05264423076923077
0 0.24134615384615385 0.47708333333333336 0.6410256410256411 0.023798076923076922
0 0.08365384615384615 0.9665064102564103 0.16025641025641027 0.01514423076923077
0 0.08605769230769231 0.6307692307692307 0.19230769230769232 0.03173076923076923
0 0.28365384615384615 1.1621794871794873 0.32051282051282054 0.03942307692307692
0 0.3245192307692308 1.0373397435897436 0.6410256410256411 0.02283653846153846
0 0.321875 0.8677884615384616 0.6410256410256411 0.04735576923076923
0 0.31298076923076923 0.90625 0.6410256410256411 0.04879807692307692
0 0.09086538461538461 0.8267628205128205 0.19230769230769232 0.019951923076923075
0 0.275 0.6818910256410257 0.32051282051282054 0.04927884615384615
