0 0.4007308201058202 0.3936160714285714 0.24801587301587302 0.05469576719576723
0 0.30984126984126986 0.25833581349206347 0.24801587301587302 0.03981481481481481
0 0.39705687830687825 0.5344729662698412 0.496031746031746 0.08043320105820106
0 0.4419576719576718 0.2603431879059512 0.49603174603174605 0.048430070346034915
0 0.47427248677248685 0.38049355158730164 0.49603174603174605 0.05831349206349204
0 0.2889285714285714 0.26587673611111107 0.24801587301587302 0.03901124338624339
0 0.42405753968253973 0.44353422619047617 0.24801587301587302 0.07922619047619045
0 0.4569808201058201 0.36707217261904757 0.496031746031746 0.061127645502645475
0 0.3271329365079365 0.13753720238095238 0.24801587301587302 0.02895502645502644
0 0.656878306878307 0.23481026785714285 0.7440476190476191 0.0342228835978836
0 0.24187500000000003 0.20675967261904762 0.24801587301587302 0.03820436507936507
0 0.35408068783068786 0.34339533730158733 0.24801587301587302 0.04785714285714287
0 0.35764219576719586 0.4566542658730159 0.4960317460317461 0.0587169312169312
0 0.3207374338624338 0.32870039682539687 0.24801587301587302 0.048386243386243366
0 0.48880291005291 0.47264012896825397 0.24801587301587302 0.0571064814814815
0 0.4006779100529101 0.5056696428571429 0.49603174603174605 0.03337962962962957
0 0.3325066137566138 0.24715649801587303 0.49603174603174605 0.05206018518518517
0 0.32311177248677253 0.2872929067460317 0.24801587301587302 0.06153108465608464
0 0.4159589947089948 0.5512140376984127 0.49603174603174605 0.05509589947089951
0 0.44578703703703704 0.2191307043650794 0.24801587301587302 0.027833994708994697
0 0.5205357142857142 0.3485912698412698 0.7440476190476191 0.07281084656084658
0 0.36011243386243386 0.3002628968253968 0.24801587301587302 0.06072751322751326
0 0.38257936507936513 0.46102926587301585 0.49603174603174605 0.06072751322751326
0 0.3910780423280423 0.44971850198412694 0.248015873015873 0.0619345238095238
0 0.3367857142857143 0.3871292162698413 0.24801587301587302 0.06796626984126983
0 0.39148148148148154 0.3578720238095238 0.24801587301587302 0.06233465608465608
0 0.32271164021164017 0.18232762896825397 0.24801587301587302 0.04463955026455027
0 0.46467592592592594 0.44458953373015875 0.24801587301587305 0.05147817460317463
0 0.4967162698412699 0.3399206349206349 0.4960317460317461 0.08061507936507936
0 0.38100623795974653 0.22262275054043376 0.24801587301587302 0.031878739057802516
0 0.38688392363775514 0.24853892960265983 0.49603174603174605 0.035462274109357934
0 0.365349765175098 0.5205451326644851 0.49603174603174605 0.05120963406238181
0 0.29800019694003616 0.19555141550930435 0.24801587301587302 0.0396894737121043
0 0.5308885938206251 0.17640293838006285 0.7440476190476191 0.03618286115767188
0 0.3427603467596417 0.3198296876025498 0.24801587301587302 0.03255433032658426
0 0.25353149180382606 0.23738211277152377 0.24801587301587302 0.0390168920813559
0 0.3245213902191001 0.30197091751115024 0.24801587301587302 0.024505504672070008
0 0.5839676623314729 0.6072365360361978 0.7440476190476191 0.028338220568399727
0 0.3185684767198577 0.29072014258577233 0.24801587301587302 0.025192574896520544
0 0.21292705625977174 0.20478542018693938 0.24801587301587302 0.05545376929916662
0 0.22835894138518542 0.2482935562259502 0.24801587301587302 0.0352696048551288
