0 0.48761 0.38153499999999996 0.24999999999999997 0.05695999999999996
0 0.4056633333333333 0.4535975 0.25 0.04638000000000003
0 0.4672833333333334 0.31271000000000004 0.25 0.036466666666666696
0 0.40317 0.35418625 0.25 0.08695666666666663
0 0.4842866666666667 0.5538737499999999 0.25 0.057609999999999974
0 0.47770333333333337 0.28701499999999996 0.25 0.052093333333333325
0 0.46303 0.43056000000000005 0.24999999999999997 0.11106666666666669
0 0.44975 0.3941 0.25 0.05293999999999998
0 0.4264433333333333 0.32427999999999996 0.5 0.041673333333333326
0 0.3907466666666667 0.29798375 0.25 0.07333
0 0.30906 0.37451375000000003 0.25 0.04309666666666665
0 0.3809199999999999 0.42136749999999995 0.5 0.07740000000000001
0 0.45446 0.35148 0.25 0.09256666666666669
0 0.33568666666666663 0.40691249999999995 0.25 0.09519999999999997
0 0.35244000000000003 0.37085499999999993 0.5000000000000001 0.07404666666666662
0 0.3402866666666667 0.30264374999999993 0.5 0.07934333333333332
0 0.48225 0.34849125 0.25 0.052603333333333314
0 0.43048000000000003 0.42293125 0.25 0.041089999999999995
0 0.4197500000000002 0.3997726307506099 0.5 0.1411033333333333
0 0.3612633333333333 0.48382625 0.5 0.10474333333333334
0 0.3803933333333333 0.400885 0.25 0.08778666666666664
0 0.43075 0.49255625000000003 0.25 0.05353666666666671
0 0.4994166666666667 0.583115 0.25 0.09368666666666665
0 0.4275466666666667 0.35658000000000006 0.25000000000000006 0.07326666666666665
