0 0.15415488215488216 0.5846039182282794 0.3833049403747871 0.028040404040404032
0 0.1765925925925926 0.6276511925042589 0.42589437819420783 0.030171717171717138
0 0.2404208754208754 0.6594527257240205 0.42589437819420783 0.040225589225589234
0 0.10894612794612796 0.37313032367972737 0.2555366269165247 0.030680134680134682
0 0.15703703703703703 0.8384880749574105 0.3833049403747871 0.05154208754208752
0 0.20783838383838382 0.37904812606473587 0.42589437819420783 0.03338383838383838
0 0.18234006734006733 0.7310370528109028 0.3833049403747871 0.03293265993265992
0 0.2839326599326599 0.20442504258943783 0.42589437819420783 0.016888888888888898
0 0.3931414141414142 0.16610519591141396 0.4258943781942079 0.027478114478114483
0 0.3407003367003367 0.8772465928449745 0.4258943781942079 0.05918181818181825
0 0.3383164983164984 0.4823764906303236 0.42589437819420783 0.03760942760942763
0 0.22488888888888892 0.891475724020443 0.4258943781942079 0.02003703703703711
0 0.1492828282828283 0.4802597955706985 0.2981260647359455 0.014632996632996645
0 0.11020875420875423 0.39362862010221467 0.21294718909710394 0.03414141414141413
0 0.09655101584661226 0.9697399672102043 0.21294718909710392 0.040156453558357445
