0 0.06274038461538461 0.5089743589743589 0.1282051282051282 0.029326923076923077
0 0.04951923076923077 0.6280448717948718 0.09615384615384616 0.02235576923076923
0 0.10528846153846154 0.5487179487179488 0.2564102564102564 0.016826923076923076
0 0.32908653846153846 0.9165064102564102 0.32051282051282054 0.031009615384615385
0 0.20024038461538463 0.4754807692307692 0.32051282051282054 0.05024038461538462
0 0.17211538461538461 0.7623397435897435 0.32051282051282054 0.05841346153846154
0 0.19783653846153845 0.7237179487179487 0.32051282051282054 0.04951923076923077
0 0.22427884615384616 0.9725961538461538 0.32051282051282054 0.0641826923076923
0 0.3370192307692308 0.7153846153846154 0.32051282051282054 0.028846153846153848
0 0.08605769230769231 0.592948717948718 0.22435897435897437 0.04230769230769231
0 0.13990384615384616 0.7556089743589743 0.32051282051282054 0.043028846153846154
0 0.2793269230769231 0.6147435897435898 0.32051282051282054 0.026442307692307692
0 0.06129807692307692 0.591025641025641 0.1282051282051282 0.040865384615384616
0 0.11995192307692308 0.6121794871794872 0.2564102564102564 0.046634615384615385
0 0.19038461538461537 0.8700320512820513 0.32051282051282054 0.03533653846153846
0 0.3074519230769231 1.0238782051282052 0.32051282051282054 0.048317307692307694
0 0.25552884615384613 0.878525641025641 0.6410256410256411 0.05625
0 0.1329326923076923 0.5451923076923076 0.32051282051282054 0.03028846153846154
0 0.18557692307692308 0.7107371794871795 0.32051282051282054 0.034375
0 0.3526442307692308 0.8907051282051283 0.6410256410256411 0.05625
1 0.240625 0.8086538461538462 0.32051282051282054 0.11201923076923077
