0 0.4335561351439219 0.4267860139786585 0.5 0.018213443189456408
0 0.40622116576394607 0.40242089979660695 0.25 0.014800870089213656
0 0.4979381402352524 0.3413588004117266 0.25 0.03546602149086478
0 0.3649960678099725 0.42639767267149353 0.5 0.02971554265196202
0 0.3448118094926314 0.4450970205119495 0.25 0.026565997332789568
0 0.4853478765128895 0.34800683993424686 0.25 0.015338786623427874
0 0.38936347207143035 0.307266325903196 0.25 0.0310112627157611
0 0.48604788837503526 0.5104255961158556 0.25 0.029169582973877898
0 0.35702185693839 0.4399812710255677 0.25000000000000006 0.03446399653983515
0 0.38899396769270306 0.48116793158456583 0.5 0.03361446167049265
0 0.4028238324665343 0.41138180879446307 0.49999999999999994 0.020711536382112476
0 0.36133128544865784 0.39420877562109924 0.25 0.0208219979094838
0 0.40428680303033027 0.33146983553557563 0.25 0.025685228517319424
0 0.46531656665589133 0.4897879233706917 0.25 0.02562790920976257
0 0.49159021258790425 0.4953064467128643 0.25 0.013173234978976931
0 0.41169572752815703 0.5220826854899959 0.25000000000000006 0.02949543703867554
0 0.35305877026511384 0.4966008680483554 0.25 0.01978807801328867
0 0.4321749080572954 0.4370123350673257 0.5000000000000001 0.02107581845761312
0 0.39318008388194675 0.4372712292721027 0.5 0.027511995407171527
0 0.3993707647499737 0.4278215907977648 0.5 0.027270189569781375
0 0.44966904936854485 0.4241970719308951 0.25 0.021747113201218023
0 0.4424691877768796 0.29558997808047344 0.49999999999999994 0.024545055106740318
0 0.4074406533562692 0.29428907865277026 0.25 0.029907916925291145
0 0.3070704439421738 0.48231520946251644 0.25 0.021432211204309246
0 0.4318296012856441 0.4582416598589924 0.5 0.017949998197830837
0 0.36117764924368095 0.4580971815305182 0.5 0.028989044275121615
0 0.36802209954995235 0.41145387374849723 0.25 0.02913273246306388
0 0.36318201142741113 0.35485892540702846 0.5 0.04049370895220697
0 0.4220498435868627 0.3182403818994425 0.25 0.019117048943856012
0 0.45379289584995686 0.4036926145889993 0.25 0.021093437073657167
0 0.39638289155500556 0.4928205984278922 0.25 0.03210895677627968
0 0.45772760915984934 0.41940752914253165 0.5 0.03244807366530957
0 0.44725190196695236 0.4416724307533025 0.25 0.021401920928182865
0 0.34626604328779254 0.40120927491825326 0.25 0.011487998846611693
0 0.3452938582489284 0.3358152651518409 0.5 0.038834130716460774
0 0.4308711784836589 0.2776199955252765 0.25 0.02271247410168424
