0 0.24855029585798813 0.16953660797034292 0.18535681186283595 0.08502958579881656
0 0.6117307692307692 0.10892029657089897 0.6487488415199258 0.09039940828402365
0 0.7994230769230767 0.40433734939759036 0.9267840593141798 0.1126923076923077
0 0.19859467455621302 0.21215477293790547 0.18535681186283595 0.08386094674556213
0 0.4031065088757396 0.19118628359592216 0.3707136237256719 0.13588757396449705
0 0.617914201183432 0.14764596848934197 0.6487488415199258 0.11357988165680472
0 0.39818047337278106 0.2986746987951807 0.3707136237256719 0.23571005917159762
0 0.5470710059171596 0.0983456904541242 0.5560704355885079 0.16252958579881657
0 0.10323964497041421 0.42808155699721967 0.09267840593141798 0.16692307692307698
0 0.3647781065088757 0.4224050046339203 0.3707136237256719 0.1557248520710059
0 0.4907396449704142 0.06449953660797034 0.5560704355885079 0.12835798816568045
0 0.1567899408284024 0.2646153846153846 0.09267840593141798 0.11189349112426034
0 0.7000443786982249 0.3812835959221501 0.8341056533827618 0.08865384615384617
0 0.49653846153846165 0.11195088044485633 0.4633920296570899 0.15596153846153846
0 0.3345857988165681 0.23586654309545876 0.3707136237256719 0.13701183431952663
0 0.4571153846153846 0.3722752548656163 0.4633920296570899 0.15250000000000005
