0 0.09082407407407407 0.5300169270833334 0.078125 0.04985648148148151
0 0.40828703703703706 0.43640755208333337 0.2604166666666667 0.04478240740740742
0 0.35244907407407405 0.42295703125000006 0.2604166666666667 0.031236111111111124
0 0.49923611111111105 0.4825130208333333 0.26041666666666663 0.0456111111111111
0 0.13593981481481482 0.3566393229166666 0.13020833333333334 0.048199074074074026
0 0.16723148148148148 0.28971223958333336 0.18229166666666666 0.03318055555555559
0 0.1527777777777778 0.3326419270833333 0.13020833333333334 0.03981944444444444
0 0.31043055555555554 0.40235546875 0.2604166666666667 0.03538425925925929
0 0.6074583333333333 0.5516955040624562 0.26041666666666663 0.018584014444288473
0 0.4903888888888889 0.48741015625000006 0.2604166666666667 0.042569444444444465
0 0.5580250900012859 0.30927616699421256 0.5208333333333334 0.01866622105761472
0 0.34968518518518515 0.4112955729166667 0.2604166666666667 0.02239351851851847
0 0.3853472222222222 0.4336861979166667 0.26041666666666663 0.03676388888888893
0 0.6642453703703703 0.54765625 0.2604166666666667 0.01984259259259265
0 0.6992777777777778 0.30155859375 0.5208333333333334 0.039708333333333325
0 0.47421296296296295 0.44593880208333336 0.5208333333333334 0.030810185185185163
0 0.12857870370370372 0.3863255208333333 0.10416666666666667 0.0386388888888889
0 0.09755555555555556 0.51017578125 0.10416666666666667 0.02386574074074072
