0 0.39036458333333335 0.3236484375 0.46875 0.018624999999999996
0 0.3359687500000001 0.2391329373422549 0.390625 0.016979499579346562
0 0.27875 0.20345312499999996 0.3125 0.02116666666666666
0 0.42671875 0.26261328125 0.625 0.019406249999999996
0 0.38846875 0.27571484375 0.546875 0.011697916666666686
0 0.4166875 0.35274218749999997 0.546875 0.02006249999999999
0 0.31845833333333334 0.38812109375 0.390625 0.030302083333333306
0 0.36950000000000005 0.4069765625 0.46875 0.011416666666666705
0 0.3797395833333334 0.4277265625 0.46875 0.017916666666666713
0 0.4525416666666666 0.304828125 0.546875 0.02333333333333331
0 0.38665625000000003 0.19658984375 0.546875 0.01438541666666664
0 0.39179166666666665 0.30284374999999997 0.46875 0.01679166666666667
0 0.3803020833333334 0.34714453125 0.46875 0.029427083333333333
0 0.2919375 0.36440625 0.390625 0.01952083333333334
0 0.4491666666666666 0.25326953125 0.546875 0.02226041666666667
