0 0.6165002458158789 0.4552492032249314 0.5 0.04032191553999557
0 0.471034117528295 0.43064939250186446 0.25 0.050028944041639455
0 0.6341100590347603 0.4179604095675429 0.5 0.05710959962545015
0 0.4794703323542743 0.42352930935135996 0.25 0.031644814002241825
0 0.42727371597240277 0.3621624774798722 0.5 0.057102695709406515
0 0.603184498730996 0.43967395525846914 0.5 0.03648668864959313
0 0.43241714018452787 0.5319127973090383 0.5 0.04701515223190215
0 0.6396573053713376 0.46634845391213764 0.5 0.0544774816338238
0 0.6000387950890773 0.5038432680780723 0.5 0.06991991737254549
0 0.3836076115485049 0.5358683990593185 0.49999999999999994 0.07323514097661693
0 0.44723193998356775 0.5457008948385864 0.25 0.05243997748942941
0 0.3492258485817827 0.2892227060073099 0.5 0.057102695709406515
0 0.6197294738773862 0.382523547950719 0.5 0.024879479801273797
0 0.4722392910748634 0.4995898801496054 0.25 0.051837219127481904
0 0.3513692191777985 0.4537048998463549 0.5 0.05846756110890404
0 0.3543821530442198 0.40205604270698153 0.5 0.0334530890880842
0 0.485119356105862 0.37069442322551593 0.25 0.05219543279687946
0 0.44065335038222325 0.3481098609576354 0.5 0.07048614001629866
0 0.5914621063648334 0.5548354777569764 0.5 0.05233269889233467
0 0.582420877926925 0.4074566473205301 0.5 0.039035045895102184
0 0.5618725302661918 0.4967654850311583 0.5 0.05104582924744113
0 0.5550111792867966 0.5369801614340793 0.5 0.02616634944616726
0 0.3441381778983877 0.5690954537616724 0.5 0.07022134916687961
0 0.48957923424246885 0.32920574587415025 0.25 0.0718244844469879
