0 0.4012506239456248 0.6531342387660249 0.25 0.028261621095624526
0 0.4818530981461573 0.6960889308111662 0.25 0.03492282635028852
0 0.38557652341023346 0.4815107394487993 0.25 0.0579394882351224
0 0.2801269693886574 0.5742376906714508 0.25 0.04456883710394038
0 0.20735192506390762 0.4868174023199752 0.25 0.05868230218685482
0 0.4222380982500996 0.3922214578133487 0.5 0.060829108194505176
0 0.5577615200358068 0.4699853897292041 0.5 0.020855694238116045
0 0.6472417280097034 0.31543774352668463 0.5 0.01998670697819449
0 0.24791546827466748 0.5918591149586752 0.25 0.0391044266964675
0 0.28787750290378633 0.551343452952095 0.25 0.01477278341866546
0 0.2122971330617572 0.43731146875615556 0.25 0.052139235595290226
0 0.3852568628332263 0.38118533095100715 0.25 0.05983462070454063
0 0.43614895806284876 0.5879373823276762 0.25000000000000006 0.046929298091128356
0 0.44630543363691727 0.6535922958662186 0.25000000000000006 0.027303300601134686
0 0.1910104023512023 0.5035752850710568 0.25 0.03623122316831665
0 0.47870619066081105 0.37425080127817206 0.5 0.04605632477583972
0 0.4849812048752 0.498259410501416 0.25 0.02923656215618292
0 0.6333418898778359 0.33569557452997467 0.5 0.03215252861709559
0 0.5890361558325086 0.23832729003029013 0.5 0.019986706978194567
0 0.35129551438043133 0.5441551903380243 0.25 0.019986706978194643
0 0.545599161670423 0.4036573301539156 0.5 0.040842401216310685
0 0.45959391322949333 0.47913408760165777 0.5 0.048663286555604236
0 0.21709043776581607 0.3468018741929413 0.25 0.045158204305313754
0 0.3733057654482993 0.6746018681985522 0.25 0.03746266826667313
0 0.3610706411376137 0.48877248864093475 0.25 0.02822693016582889
0 0.27715655941621853 0.5105577362173408 0.25 0.03416944177968766
0 0.2697305344851217 0.49072757496189423 0.25 0.023027232503702536
0 0.5612364795687738 0.5232438809152733 0.5 0.02346265601788056
0 0.5455991616704228 0.5055999635898271 0.5 0.030414554097252702
0 0.2791901040713691 0.3229527453504859 0.25 0.046925312035761196
0 0.32088961846697134 0.32622013744779066 0.25 0.029545566837331148
0 0.26181530640653483 0.3562801447429953 0.25 0.05387721011513319
0 0.3788011040880141 0.5016790930730612 0.5 0.0217246814980376
0 0.4830498900770195 0.29779382620123845 0.5 0.056484171894897704
0 0.378801104088014 0.40692472225122056 0.5 0.03562847765678173
0 0.48739358949322825 0.2719814286325301 0.5 0.052139235595290226
0 0.4283192774327917 0.2451888134346303 0.5 0.04866328655560416
0 0.3999449478419672 0.5768291113110728 0.25 0.01998670697819449
0 0.43469454317163575 0.4830549581184235 0.25 0.05387721011513319
0 0.5603677396855321 0.3644486249862574 0.5 0.040842401216310616
0 0.5117183062239962 0.44123233927292144 0.5 0.0434493629960752
0 0.1672389417771276 0.46965865051947364 0.225 0.05127024833536875
0 0.441227195849883 0.6163480540043546 0.25000000000000006 0.043812273057634736
0 0.3847318004691265 0.6968051662315866 0.25 0.026668340122038496
0 0.29395868208647824 0.2906055635871678 0.25 0.028676579577409666
0 0.45090651439707613 0.37359732285871106 0.5 0.047794299295682754
0 0.36258913286257355 0.4088851575096034 0.25 0.05300822285521163
0 0.4219374589049769 0.30583886706759117 0.25 0.05362536761256003
0 0.3886427640090802 0.30902252047111584 0.25 0.04064238387478239
0 0.272751578879168 0.20238483134014593 0.25 0.045564763979940116
0 0.37045687390170773 0.22224842699980685 0.24999999999999997 0.021791843642580057
0 0.3860013599158851 0.6103794255008508 0.25 0.060956205993230976
0 0.39745816329998856 0.4404539267086495 0.25 0.042340395248743334
0 0.25562108711603754 0.5287121091976792 0.24999999999999997 0.03194099992449063
0 0.1563974386164577 0.513909312767557 0.225 0.02822693016582889
0 0.45090651439707613 0.40790493988041204 0.5 0.05387721011513319
0 0.2783213641881274 0.2657733836476509 0.25 0.030414554097252588
0 0.3588200867734531 0.4811110464150149 0.5 0.03785755346620433
0 0.5499428610866316 0.2925659988455507 0.5 0.05300822285521171
0 0.34521433519773936 0.4647575623735164 0.25 0.0434493629960752
0 0.29917112138592855 0.38568667361873893 0.25 0.029545566837331148
0 0.3305181271569217 0.3066878413085311 0.25 0.033304175675168836
0 0.1922604958095542 0.29777361177866213 0.25000000000000006 0.05588327782782571
0 0.2417235460003884 0.1492497129505532 0.25 0.054809788555580156
0 0.3479900123541568 0.6305675968209106 0.25 0.061278889554831066
0 0.33848176393249246 0.6569347278281809 0.5 0.028573221559327067
0 0.30090860115241197 0.33634905294943573 0.25 0.021724681498037527
0 0.45959391322949333 0.5046197459606356 0.5 0.046925312035761196
0 0.44395659533114257 0.28701143228013243 0.5 0.05561518463497622
0 0.5586302599190486 0.3363490529494356 0.5000000000000001 0.03215252861709559
0 0.2687652254724686 0.4435195137410349 0.25 0.030414554097252626
0 0.41968019145440766 0.38309552299312194 0.25 0.05927014315072427
0 0.3742205958045438 0.30010829094124664 0.49999999999999994 0.05086271400668843
0 0.2407917459967934 0.2884348951283233 0.25 0.047980592074395874
0 0.307945452651229 0.26254118077965644 0.25 0.023143579706473315
0 0.4582719995901153 0.6514059584904163 0.25 0.041572350514644724
0 0.4051940362404104 0.13051135320979032 0.25 0.03185938450714424
0 0.3483952081745541 0.39908298121768887 0.5 0.03910442669646765
0 0.5516803408531149 0.2674070796963033 0.5 0.043449362996075165
0 0.45639577487897226 0.44025212164372984 0.25 0.039057784009739416
0 0.18536619668126414 0.4507077763551055 0.25 0.03910442669646765
0 0.42052701608491544 0.27795321155888236 0.5 0.06430505723419125
0 0.4075838705107808 0.623032917928279 0.25 0.061591166472327014
0 0.26156190706091503 0.4692216254313396 0.25 0.03565506968315228
0 0.6003297743146507 0.29779382620123845 0.5 0.051270248335368675
0 0.5760050575838829 0.2719814286325301 0.5 0.05909113367466222
0 0.3469574721548191 0.5928393325878665 0.24999999999999997 0.02774057831704414
