0 0.03759375 0.7360502283105024 0.121765601217656 0.042210937500000024
0 0.0231796875 0.7859817351598173 0.076103500761035 0.04120312500000001
0 0.14714062500000002 1.0617884322678843 0.30441400304414 0.027179687499999973
0 0.24939843750000001 0.8711415525114156 0.76103500761035 0.028140624999999985
0 0.1394609375 0.9347869101978691 0.30441400304414 0.05125781250000001
0 0.21409374999999997 1.1041400304414004 0.60882800608828 0.054265625000000026
0 0.16106250000000003 1.1831963470319633 0.60882800608828 0.02862499999999999
0 0.1819296875 1.3576940639269406 0.60882800608828 0.04924218749999998
0 0.21421875000000004 0.610738203957382 0.7610350076103501 0.042210937499999976
0 0.0946015625 1.123904109589041 0.30441400304414 0.04674218750000003
0 0.0912109375 1.037572298325723 0.30441400304414 0.030148437500000024
