0 0.7271739130434782 0.288375 0.25 0.11684782608695653
0 0.9826086956521739 0.3565 0.5 0.0967391304347826
0 0.7934782608695652 0.241625 0.5 0.12228260869565218
0 0.7668478260869566 0.19075 0.25 0.09130434782608696
0 0.5836956521739131 0.2325 0.5 0.10652173913043478
0 0.6114130434782609 0.328375 0.5 0.0766304347826087
0 0.6130434782608696 0.387375 0.25 0.10054347826086957
0 0.8168478260869565 0.4015 0.5 0.08260869565217391
0 0.8527173913043479 0.1925 0.5 0.06739130434782609
0 0.6 0.361125 0.5 0.1125
0 0.7081521739130435 0.24925 0.5 0.1282608695652174
0 0.6353260869565217 0.286125 0.5 0.11032608695652174
0 0.5565217391304348 0.316 0.5 0.10652173913043478
0 0.9315217391304348 0.26375 0.5 0.06521739130434782
0 1.083695652173913 0.23525 0.5 0.07934782608695652
0 0.6461956521739131 0.19475 0.25 0.11630434782608695
0 1.0402173913043478 0.16125 0.5 0.14782608695652175
0 0.6097826086956522 0.080375 0.5 0.13206521739130433
0 0.8869565217391304 0.123625 0.75 0.1342391304347826
