0 0.3906309456386464 0.48903243597783513 0.30637254901960786 0.031283755518186865
0 0.22970724221410152 0.5856213156913035 0.30637254901960786 0.01079552035411956
0 0.20615457613178106 0.26140466356519504 0.30637254901960786 0.029374171695551458
0 0.35533575457109895 0.5517605531503483 0.30637254901960786 0.030267775952155372
0 0.41270542252265263 0.37953656099385974 0.30637254901960786 0.014689794406513268
0 0.5730347350379079 0.3924229208192163 0.30637254901960786 0.028068000026730617
0 0.4853915429264591 0.434918397495201 0.30637254901960786 0.029641906570285627
0 0.28517670585749055 0.4631503461202185 0.30637254901960786 0.03305203741465474
0 0.3174524921739822 0.488136112499154 0.30637254901960786 0.034101308443691476
0 0.15665946873595624 0.4125542964042444 0.21446078431372548 0.013472632084705807
0 0.5963714524074724 0.4279943268346382 0.30637254901960786 0.02199181967811356
0 0.4097193111576493 0.4333632566698357 0.6127450980392157 0.010341373122717079
0 0.33341354548450464 0.2232042327986833 0.30637254901960786 0.017732680390719513
0 0.3194055860300106 0.23641602420676575 0.30637254901960786 0.017151545666945375
0 0.5585917290922304 0.4175702052668983 0.30637254901960786 0.008629806825880161
0 0.44157690517483117 0.4431929994081763 0.30637254901960786 0.009579967762153413
0 0.22423898642076315 0.47647086905632063 0.30637254901960786 0.03277608570647837
0 0.2942515048142305 0.49091822262430806 0.30637254901960786 0.01211013018723861
0 0.32175644371870293 0.5806128120799555 0.30637254901960786 0.009922765769079573
0 0.12348566049040893 0.3819048353173688 0.15318627450980393 0.012554054714793114
0 0.10539258593943822 0.30297720938170086 0.12254901960784313 0.02890498060138799
0 0.08923469019881405 0.3046142700894479 0.12254901960784313 0.027890663909766925
0 0.21260658370111216 0.3174329744452017 0.30637254901960786 0.02568585010552338
0 0.11395983166224775 0.25541371303378146 0.15318627450980393 0.022212140143023893
0 0.12814721670554166 0.23605469945053484 0.15318627450980393 0.02038300435023453
0 0.12695347344626362 0.3673621066870311 0.15318627450980393 0.013588766879311293
0 0.22163201708255933 0.4741676919251036 0.2757352941176471 0.024657869182361507
0 0.21222818068688346 0.4740693227661314 0.30637254901960786 0.02544482245413897
0 0.14273964620573212 0.3303519815077664 0.15318627450980393 0.016788336464586554
0 0.4175997401389209 0.39022099987370135 0.6127450980392157 0.02919602987532355
0 0.5334362299623772 0.4003265887230857 0.30637254901960786 0.015558735017423227
0 0.34574037567506644 0.3504726875112271 0.30637254901960786 0.014272372827417303
0 0.387799717798401 0.30571269688285285 0.30637254901960786 0.02203469160976981
0 0.3931952487455081 0.3550858953135399 0.30637254901960786 0.02045180144731922
0 0.25713968258119435 0.5781399475975667 0.30637254901960786 0.029592603403270214
0 0.1675480188712503 0.42772984860814506 0.21446078431372548 0.020237794475647962
0 0.36755565983398714 0.34128549726987817 0.30637254901960786 0.015704473556896383
0 0.35111375293134267 0.2988552005855253 0.30637254901960786 0.027120866768621667
0 0.32584944471160604 0.46059274798694166 0.30637254901960786 0.017837607493623196
0 0.28842160832082764 0.39751795007579904 0.30637254901960786 0.01718498173109957
0 0.573556591116312 0.4157703109305793 0.30637254901960786 0.02701010585851414
0 0.2332359012157594 0.30571839200127915 0.30637254901960786 0.008808872488409152
0 0.22577403755705971 0.29674701032019746 0.30637254901960786 0.019493372541613905
0 0.30421158890044203 0.4339185212936447 0.30637254901960786 0.01681909269698966
0 0.27541814102671247 0.3637908028530903 0.30637254901960786 0.027880914360535983
0 0.2878472456734289 0.22521622800219576 0.30637254901960786 0.016571232383560345
0 0.5950656181958922 0.3997773563620059 0.30637254901960786 0.030358429062894945
0 0.4307956643598466 0.3574293873388533 0.30637254901960786 0.017553231339623127
0 0.4790032480507365 0.35719002509331305 0.30637254901960786 0.01691493201818236
0 0.5142172815763782 0.37215474955211747 0.30637254901960786 0.012694238725505994
0 0.46717526370135803 0.4266470294284568 0.30637254901960786 0.022011102518759387
0 0.5058408864170293 0.408005508670745 0.30637254901960786 0.016601138603464988
0 0.38730393633952653 0.5124123658143528 0.30637254901960786 0.016154603728411848
0 0.24088986139998986 0.5940738248894522 0.30637254901960786 0.018363718968743486
0 0.29481765826548195 0.5273463853534631 0.30637254901960786 0.023092831962327094
0 0.20584248898058172 0.5493003123312138 0.30637254901960786 0.030190649260267155
0 0.16939744516011943 0.33547014723269936 0.21446078431372548 0.00778147194935546
0 0.12329049074321913 0.4399495274147628 0.15318627450980393 0.020577192220138107
0 0.10476330793313776 0.46251964087734865 0.12254901960784313 0.020317007646007648
0 0.22488557970544598 0.3891272082939674 0.30637254901960786 0.011788285934326799
0 0.12371394184694265 0.40259621370328214 0.18382352941176472 0.012863659250209044
0 0.13946959165616726 0.2531017906259194 0.18382352941176472 0.027645146513561463
0 0.10142648200949088 0.30920833339181153 0.09191176470588236 0.032064935514991254
0 0.32426879052436525 0.35048129879634365 0.30637254901960786 0.013610543749310262
0 0.384183379773121 0.2916875429395324 0.30637254901960786 0.023504751199472113
0 0.3360621095146978 0.47558078459397546 0.30637254901960786 0.020939534966828804
0 0.41559187495746086 0.373831149773473 0.30637254901960786 0.015739065435549912
0 0.4144447984481656 0.4139657666341252 0.6127450980392157 0.025182504696879875
0 0.3232253970435986 0.502891486344982 0.30637254901960786 0.025182504696879784
0 0.42737663980049767 0.4078062836292064 0.6127450980392157 0.015108747482667276
0 0.4360110281232238 0.13521696549560008 0.30637254901960786 0.023734510676809203
0 0.1992762754738159 0.2565379105236764 0.2757352941176471 0.02019130677280475
0 0.5569078920339395 0.4947686755891491 0.3063725490196078 0.013573822858626012
0 0.31653628228639114 0.5670175927979694 0.30637254901960786 0.014952112163772452
0 0.2785342437595223 0.5885320022341635 0.30637254901960786 0.015214429921031543
0 0.13355494611107616 0.4120430511973312 0.18382352941176472 0.012526639177879297
0 0.15473429113179563 0.3940063740831244 0.18382352941176472 0.015231912325084297
0 0.10492391728530234 0.443877004445843 0.15318627450980393 0.033449339440890395
0 0.25125829396635013 0.39125234943164755 0.30637254901960786 0.012239057535102887
0 0.111603701609878 0.3633168568017393 0.15318627450980393 0.021247738337995186
0 0.08501593761967204 0.30702630536326586 0.09191176470588236 0.012586586416938715
0 0.48558294748829517 0.40748607047569735 0.30637254901960786 0.01492545587699753
0 0.34441726872610623 0.3560616217335608 0.30637254901960786 0.01143285674942049
0 0.331241950361445 0.44417078899532875 0.30637254901960786 0.02132964137169027
0 0.1236702052507441 0.25589931144970285 0.18382352941176472 0.012108437187479228
0 0.3906634221113901 0.25568978984787666 0.30637254901960786 0.028592635541248985
0 0.4102979395637648 0.364486079671115 0.30637254901960786 0.011397259018041235
0 0.2138190443454679 0.4960941475122722 0.30637254901960786 0.020107087447010504
0 0.12362683343842866 0.2865777057651433 0.18382352941176472 0.017050654221845738
0 0.4271685479316113 0.3728338473757133 0.30637254901960786 0.018638129328742863
0 0.6086574054625542 0.41665950793670326 0.30637254901960786 0.012591252348439984
0 0.4210676998185097 0.3065843428734574 0.30637254901960786 0.021728053074189495
0 0.2024309443755507 0.29781850287269124 0.2757352941176471 0.03038059270319398
0 0.3650009702832053 0.2806759637595965 0.30637254901960786 0.019009433378851363
0 0.48515457676736107 0.3089195688758179 0.3063725490196078 0.01800549085826907
0 0.31944089732167996 0.36522599080923607 0.30637254901960786 0.026084912997535098
0 0.5345338595578396 0.4511757591366723 0.30637254901960786 0.018453416678714064
0 0.609087684298255 0.5400893145108155 0.30637254901960786 0.03295371963635643
0 0.22503460156985233 0.5796890745564994 0.30637254901960786 0.027119897545111075
0 0.14039108132132674 0.4071127647369628 0.18382352941176472 0.02278975324493448
0 0.15357055778333836 0.4393065775337572 0.21446078431372548 0.01614488707910664
0 0.14253195127854604 0.4427049303148727 0.15318627450980393 0.01536469854377668
0 0.16437394931583002 0.47390561678247045 0.21446078431372548 0.013187410021506587
0 0.18702529744172408 0.3444073660501632 0.2757352941176471 0.03201809007848947
0 0.126658217858429 0.353611384263461 0.18382352941176472 0.02740560888524928
0 0.1215423887610157 0.2725948221573067 0.15318627450980393 0.014203989226442067
0 0.13266505245323182 0.24275619431051212 0.15318627450980393 0.02648400433866564
0 0.16698790780538308 0.2144226450165038 0.21446078431372548 0.01663101174267964
0 0.17380203910383765 0.20724222998017713 0.21446078431372548 0.015994805583528622
0 0.1507264431757961 0.22358756761541632 0.18382352941176472 0.03655660265163711
0 0.20361572801712743 0.5173944169430419 0.2757352941176471 0.009978044296467993
0 0.24506016292365548 0.4014197365351806 0.30637254901960786 0.013468148301478702
0 0.1221833364326983 0.3230923812551798 0.15318627450980393 0.040294451194411426
0 0.4213647798270772 0.34786169180481563 0.30637254901960786 0.013640523377476534
0 0.42940187015580805 0.429114617115842 0.6127450980392157 0.020985420580733213
0 0.3319082423310231 0.47544649099174147 0.30637254901960786 0.024443555968084483
0 0.1491135169794031 0.4305901545004246 0.18382352941176472 0.027041191456673472
0 0.14730952205660486 0.4475264998020365 0.18382352941176472 0.021006406001313867
0 0.1409722671524799 0.39150476008596613 0.15318627450980393 0.01570888774509766
0 0.597627255707956 0.37647744645059333 0.30637254901960786 0.031240332107195783
0 0.3326621110373091 0.295482304349746 0.30637254901960786 0.024133233667843094
0 0.15740179289063294 0.2683174719349517 0.21446078431372548 0.008990749353179955
0 0.3726096750079008 0.3740862120998023 0.30637254901960786 0.021481227163874534
0 0.5782221125755779 0.43615199213309125 0.30637254901960786 0.020366344109077207
0 0.5924726091257109 0.530478297447807 0.30637254901960786 0.0188239222609176
0 0.3887940450139662 0.40965598697145655 0.30637254901960786 0.013888172708216929
0 0.4033398070955144 0.4082917697149995 0.30637254901960786 0.018189563419413232
0 0.349670013735891 0.5598711173676133 0.30637254901960786 0.032033033819148
0 0.2688252673878948 0.5388555769532092 0.30637254901960786 0.03278971965739556
0 0.14862687010494907 0.37680857882363694 0.18382352941176472 0.010652436356746085
0 0.15862126140091531 0.3833735196904502 0.21446078431372548 0.027258931200915666
0 0.17867236026122343 0.4430699497518164 0.21446078431372548 0.022126732947110376
0 0.13577141101756177 0.42825367671222075 0.18382352941176472 0.02528063981647909
0 0.22250808855445728 0.31562908372863313 0.2757352941176471 0.02919072002779978
0 0.13986603099179717 0.3765640472265867 0.15318627450980393 0.028501833240659268
0 0.15342241790425656 0.3173860210064429 0.21446078431372548 0.01679244020210523
0 0.15003166677078647 0.31714709933826823 0.18382352941176472 0.02956955576761442
0 0.13736375773423773 0.3090740092097112 0.1531862745098039 0.027237397080145147
0 0.2944396820513559 0.4206515501272718 0.30637254901960786 0.0212882863771262
0 0.3887243046816761 0.5275826122570597 0.30637254901960786 0.027158072943372292
0 0.2890170609940586 0.3707362367061016 0.30637254901960786 0.01720702331526636
0 0.27304492316342976 0.39889445872865353 0.30637254901960786 0.011093131855841105
0 0.4061453033526341 0.30025101886227723 0.30637254901960786 0.024133233667843187
0 0.4260880656294906 0.3408774815177903 0.30637254901960786 0.009181121504070782
0 0.2148522283548909 0.4873491592273766 0.30637254901960786 0.013115887862958258
0 0.6125934769645653 0.3962970920294607 0.3063725490196078 0.018624560765400654
0 0.36359705888052885 0.2928573276667185 0.30637254901960786 0.023509119370246377
0 0.2205425556705234 0.29333046076881025 0.2757352941176471 0.028232469986806546
0 0.3964909578525359 0.282671233582098 0.3063725490196078 0.022689130754664
0 0.4087286976147311 0.15332476027920017 0.30637254901960786 0.031646014235745604
0 0.270617325739375 0.44358664658014135 0.30637254901960786 0.023406497598731382
0 0.2644397705016378 0.3761033415268876 0.30637254901960786 0.0337562647236595
0 0.31033986448067485 0.3642684260681372 0.30637254901960786 0.029790903056408802
0 0.34806740831155414 0.36664483379215546 0.30637254901960786 0.024941417479138257
0 0.5278493427838898 0.36269535674074027 0.30637254901960786 0.015000034053859874
0 0.34038704181292506 0.44581127304337076 0.30637254901960786 0.028088565738899698
0 0.320973949618221 0.4718422621588817 0.30637254901960786 0.022745474272106724
0 0.3000339579175683 0.5033788764646535 0.30637254901960786 0.019620152850082086
0 0.36960846905300077 0.5331266406363806 0.30637254901960786 0.02244834653467857
0 0.33540521592243505 0.5675094385928315 0.30637254901960786 0.024133233667843142
0 0.24864817561805602 0.5761482129360803 0.30637254901960786 0.027146605756544716
0 0.22306148402772435 0.533872305532179 0.30637254901960786 0.01206073746970086
0 0.1608464011744038 0.39833698214179625 0.21446078431372548 0.02599239148225029
0 0.12455238793592158 0.4320239701714898 0.15318627450980393 0.023936224554031535
0 0.1959647799564679 0.3077516814781404 0.24509803921568626 0.012435268443831622
0 0.16031280552507388 0.3681868788733171 0.18382352941176472 0.012890035479592412
0 0.14831518156254156 0.3311704954339426 0.18382352941176472 0.020801356927219634
0 0.08682616658394048 0.2994854898839145 0.09191176470588236 0.01164474318522953
0 0.2860892962982767 0.4239042431004729 0.30637254901960786 0.01583904344586389
0 0.17226704873120136 0.20754016407678375 0.24509803921568626 0.03311861511168088
0 0.2912120154939076 0.46924923397649404 0.3063725490196078 0.022034691609769855
0 0.11020145512243973 0.3024151403596653 0.15318627450980393 0.01993614955169648
0 0.3585092106230187 0.42204477574449306 0.30637254901960786 0.02669809661795834
0 0.36982585921132394 0.25950314337307745 0.30637254901960786 0.018158264720096812
0 0.30731346708987917 0.241523653614937 0.30637254901960786 0.01967383179443734
0 0.4505816965150713 0.3485388955084801 0.30637254901960786 0.02761872063926727
0 0.46341615234005956 0.43624833674269115 0.30637254901960786 0.02492018693962069
0 0.31827239575836574 0.5748697097187858 0.30637254901960786 0.007890823848121759
0 0.275647791324714 0.5408229601326526 0.30637254901960786 0.03226508414287709
0 0.12855188344524912 0.34006756098488844 0.15318627450980393 0.021454356853666923
0 0.10752609609677687 0.47287666111707255 0.12254901960784313 0.01442310966717277
0 0.11320710981471858 0.3474506919421665 0.15318627450980393 0.02266038941579802
