1 0.2548076923076923 0.3780048076923077 0.2403846153846154 0.2016025641025641
1 0.38269230769230766 0.3543269230769231 0.2403846153846154 0.14102564102564102
1 0.5471153846153847 0.46358173076923076 0.7211538461538461 0.1625
1 0.49423076923076925 0.3697115384615385 0.4807692307692308 0.175
1 0.4378205128205128 0.11574519230769231 0.2403846153846154 0.1125
1 0.22371794871794873 0.496875 0.2403846153846154 0.12884615384615383
1 0.4310897435897436 0.6096153846153847 0.4807692307692308 0.10192307692307692
1 0.45096153846153847 0.09375 0.4807692307692308 0.20705128205128207
1 0.6076923076923076 0.28076923076923077 0.4807692307692308 0.18461538461538463
1 0.3525641025641026 0.4784855769230769 0.4807692307692308 0.1189102564102564
