0 0.18012820512820513 0.6662259615384616 0.2403846153846154 0.04583333333333333
0 0.6166666666666667 0.44747596153846153 0.4807692307692308 0.07211538461538461
0 0.4237179487179487 0.559375 0.2403846153846154 0.07564102564102564
0 0.47435897435897434 0.5318509615384616 0.2403846153846154 0.06378205128205128
0 0.3596153846153846 0.134375 0.2403846153846154 0.0391025641025641
0 0.38461538461538464 0.33052884615384615 0.2403846153846154 0.041666666666666664
0 0.19615384615384615 0.3543269230769231 0.2403846153846154 0.06923076923076923
0 0.30416666666666664 0.5717548076923077 0.2403846153846154 0.08173076923076923
0 0.3852564102564103 0.2951923076923077 0.4807692307692308 0.06025641025641026
0 0.3894230769230769 0.6308894230769231 0.2403846153846154 0.07275641025641026
0 0.3439102564102564 0.12920673076923078 0.2403846153846154 0.06314102564102564
0 0.3647435897435897 0.5411057692307693 0.2403846153846154 0.03397435897435897
0 0.5022435897435897 0.5711538461538461 0.4807692307692308 0.058333333333333334
0 0.30416666666666664 0.3350961538461538 0.2403846153846154 0.0673076923076923
0 0.2775641025641026 0.22536057692307693 0.2403846153846154 0.07596153846153846
0 0.41762820512820514 0.19819711538461537 0.2403846153846154 0.06378205128205128
0 0.383974358974359 0.5585336538461538 0.2403846153846154 0.03878205128205128
0 0.37083333333333335 0.38233173076923077 0.4807692307692308 0.06570512820512821
0 0.3663461538461538 0.23653846153846153 0.2403846153846154 0.06153846153846154
0 0.5714743589743589 0.43954326923076925 0.4807692307692308 0.06570512820512821
0 0.0810897435897436 0.5245192307692308 0.1201923076923077 0.04423076923076923
0 0.18717948717948718 0.5685096153846154 0.2403846153846154 0.07628205128205129
0 0.47435897435897434 0.5685096153846154 0.2403846153846154 0.04807692307692308
0 0.24743589743589745 0.2998798076923077 0.2403846153846154 0.058653846153846154
0 0.3769230769230769 0.30865384615384617 0.2403846153846154 0.04551282051282051
