0 0.31690972222222225 0.28505078125 0.234375 0.048385416666666674
0 0.5300520833333334 0.2210859375 0.46875 0.10072916666666669
0 0.4364930555555555 0.3697421875 0.390625 0.04107638888888893
0 0.3075347222222222 0.32975 0.234375 0.10072916666666663
0 0.32359374999999996 0.3394367152531827 0.15625 0.048434012236367785
0 0.32227430555555553 0.07290234375000001 0.234375 0.0829340277777778
0 1.0568055555555556 0.181453125 0.78125 0.06989583333333332
0 0.30982638888888886 0.32828125 0.15625 0.04982638888888887
0 0.6438020833333334 0.12265625 0.46875 0.05704861111111113
0 0.27003472222222225 0.30541015624999995 0.15625 0.07758680555555555
0 0.4691319444444445 0.24755859375 0.3125 0.11380208333333336
0 0.4282118055555556 0.1623984375 0.234375 0.03697916666666669
0 0.3135069444444445 0.22097414787403608 0.15625 0.08391287944016056
0 0.3679513888888889 0.19068359375000002 0.3125 0.07730902777777783
0 0.2908854166666667 0.2568984375 0.15625 0.03465277777777774
0 0.29296875 0.035640625 0.234375 0.04524305555555556
0 0.25710069444444444 0.23684375000000002 0.15625 0.09503472222222224
0 0.3905555555555556 0.08960546875 0.234375 0.09852430555555555
0 0.5107465277777776 0.1875234375 0.39062500000000006 0.0884375
0 0.5389236111111112 0.0816640625 0.390625 0.0536111111111111
0 0.35984374999999996 0.285109375 0.234375 0.09920138888888887
0 0.2678298611111112 0.14533984375 0.234375 0.09123263888888891
0 0.3310937500000001 0.10589453124999999 0.15625 0.040225694444444446
0 0.6018229166666669 0.1374921875 0.390625 0.05197916666666666
0 0.2908333333333334 0.100578125 0.234375 0.07979166666666665
0 0.40991319444444435 0.25777343750000004 0.3125 0.08996527777777777
0 0.31567708333333333 0.23353515625000001 0.234375 0.07449652777777772
0 0.3143402777777778 0.30321875 0.234375 0.035208333333333286
0 0.3960590277777778 0.23181640624999997 0.3125 0.11765624999999996
0 0.3496701388888889 0.02531640625 0.234375 0.11251736111111112
0 0.26857638888888885 0.07296093750000002 0.15625 0.060625000000000005
0 0.4057118055555555 0.15841796875000003 0.3125 0.06751736111111113
0 0.2066840277777778 0.23694921875000002 0.15625 0.0685590277777778
0 0.6628819444444445 0.36104296874999997 0.46875 0.06477430555555556
0 0.3928993055555556 0.2505078125 0.234375 0.09920138888888887
0 0.45998263888888896 0.2792265625 0.39062500000000006 0.03152777777777782
0 0.3274826388888889 0.1376015625 0.15625 0.09666666666666668
0 0.2726388888888888 0.22767968750000006 0.234375 0.08145833333333335
0 0.6133506944444443 0.09977734375 0.46875 0.06227430555555556
0 0.3005034722222223 0.049652343749999994 0.234375 0.06116319444444443
0 0.333286969981415 0.10566159641592288 0.234375 0.05374295332727271
0 0.29312390703948465 0.22752183027606532 0.15624999999999997 0.055711215514307945
0 0.2787894976598809 0.3294125538373721 0.234375 0.09327151565894948
0 0.32024921371242876 0.24404121818477753 0.15625 0.06023562291407468
0 0.28152013613106125 0.11847473409091047 0.234375 0.027289146362315324
