0 0.4351669119228321 0.2629551559294329 0.5 0.1066086583526253
0 0.5344206806874471 0.3366167219641717 0.75 0.10274602580361723
0 0.5334183978858462 0.39145154500663365 0.5 0.07131013936630454
0 0.5806212492347707 0.5858830968725733 0.75 0.08765204630441606
0 0.34543938048200296 0.39809922285749116 0.24999999999999997 0.09906454763105148
0 0.5690229199794863 0.2899754339348981 0.5 0.0834328630585763
0 0.6440661693591901 0.39479420778942914 0.5 0.07428139517323393
0 0.5371314103513948 0.37055990261416155 0.5 0.06759606960764283
0 0.457351017914777 0.4504026189305426 0.5 0.09811086674480733
0 0.07762406842249345 0.6121515620766551 0.1 0.11661293414169784
0 0.4456148616367715 0.5422367077832118 0.25 0.08806802211738614
0 0.10466315544111315 0.3101186166225329 0.15 0.10032375569719261
0 0.5064660859599259 0.33603732708182044 0.5 0.057939488235122405
0 0.6448087718522999 0.6142957305263353 0.5 0.07279576726976923
0 0.10021969737745814 0.3853614333954274 0.15 0.0660358898260002
0 0.336661280624535 0.2946303995647172 0.5 0.06742010986760935
0 0.4218249146444094 0.5089215020480163 0.5000000000000001 0.056394435215519255
