0 0.1490234375 0.6025206611570247 0.49586776859504134 0.030695312500000016
0 0.13850781249999997 0.7645702479338844 0.3305785123966942 0.03246093750000001
0 0.12164843749999998 0.6622479338842976 0.49586776859504134 0.03895312500000001
0 0.137 1.1180826446280994 0.3305785123966942 0.021218749999999974
0 0.13659375 1.3104958677685952 0.49586776859504134 0.0171875
0 0.05425 1.1821322314049587 0.1652892561983471 0.014968749999999975
0 0.1681640625 1.2256198347107439 0.49586776859504134 0.031062499999999993
0 0.13453125 0.6502727272727273 0.3305785123966942 0.026664062499999995
0 0.1590546875 1.4336198347107436 0.6611570247933884 0.01939062500000004
0 0.22918750000000002 1.0444628099173554 0.8264462809917356 0.024203125000000013
0 0.1457890625 1.0126528925619833 0.49586776859504134 0.02125781250000003
0 0.2047890625 0.9942809917355371 0.8264462809917356 0.023484374999999957
0 0.172453125 0.725685950413223 0.49586776859504134 0.03970312499999999
0 0.21985937499999997 0.7452396694214876 0.8264462809917354 0.021734374999999993
0 0.13672656249999998 0.9073884297520661 0.3305785123966942 0.019296875000000036
0 0.20350000000000001 1.0819752066115702 0.6611570247933884 0.03697656250000003
0 0.1513279738333825 1.3336004400132953 0.49586776859504134 0.02239610734855102
