0 0.4210608974358975 0.4329771634615385 0.2403846153846154 0.04919551282051282
0 0.36350641025641023 0.3444627403846154 0.4807692307692308 0.035971153846153854
0 0.33705825237654596 0.44055217082138665 0.4807692307692308 0.019450516317925076
0 0.32774220502701185 0.42896782095530034 0.4807692307692308 0.015227521180906933
0 0.3820064102564103 0.3664891826923077 0.4807692307692308 0.047330128205128226
0 0.46293910256410253 0.45166947115384615 0.24038461538461536 0.04179166666666662
0 0.33919871794871786 0.33288822115384614 0.4807692307692308 0.02076602564102563
0 0.32913782051282053 0.4661911057692308 0.4807692307692308 0.023003205128205122
0 0.3691025641025641 0.3855348370062903 0.4807692307692308 0.044272485931944064
0 0.42172756410256407 0.29874759615384616 0.4807692307692308 0.028833333333333346
0 0.3231185897435897 0.49991706730769236 0.4807692307692308 0.04966346153846155
0 0.3393900540241054 0.4497537471467191 0.4807692307692307 0.016926904247977076
0 0.30814743589743593 0.3823774038461539 0.2403846153846154 0.051070512820512795
0 0.35471652171655166 0.4246117788461539 0.48076923076923084 0.05574038461538464
0 0.45159615384615387 0.42250120192307694 0.2403846153846154 0.026092948717948743
0 0.346798076923077 0.4729915865384615 0.48076923076923084 0.029823717948717934
0 0.39431410256410265 0.4505180288461539 0.48076923076923084 0.019554487179487177
0 0.3359230769230769 0.3463629807692307 0.4807692307692308 0.012064102564102596
0 0.3552307692307693 0.32272956730769226 0.48076923076923084 0.022554487179487145
0 0.39397012512145274 0.37526923076923074 0.4807692307692308 0.04706410256410261
0 0.37196153846153845 0.4072788461538462 0.4807692307692308 0.026852564102564095
0 0.33875000000000005 0.41338701923076926 0.4807692307692308 0.055346153846153864
0 0.3855256410256411 0.295984375 0.48076923076923084 0.050939102564102584
0 0.47981089743589744 0.4121310096153846 0.2403846153846154 0.03987500000000003
0 0.322826923076923 0.36914302884615385 0.4807692307692308 0.04570833333333337
0 0.32546153846153847 0.5814411057692308 0.4807692307692308 0.0327980769230769
0 0.3342852564102564 0.2925576923076923 0.4807692307692308 0.05189743589743592
0 0.45102564102564097 0.5603581730769231 0.4807692307692307 0.04685256410256405
0 0.40072115384615387 0.33565024038461533 0.4807692307692308 0.03361858974358978
