0 0.46860000000000007 0.26512874999999997 0.25 0.021663333333333337
0 0.43934666666666666 0.3763099999999999 0.25 0.025926666666666657
0 0.47633 0.256385 0.25 0.018213333333333366
0 0.47109 0.28700125000000004 0.25 0.026903333333333345
0 0.38296 0.35631999999999997 0.5 0.01970666666666663
0 0.3695133333333333 0.34726750000000006 0.5 0.01174666666666667
0 0.4778866666666666 0.39864125 0.25 0.029876666666666704
0 0.35266999999999993 0.33992500000000003 0.5 0.013313333333333352
0 0.47664666666666666 0.3551525 0.25 0.021853333333333315
0 0.46565333333333325 0.37807124999999997 0.25 0.014816666666666681
0 0.44996 0.35251375 0.5 0.02675666666666666
0 0.43534 0.36450499999999997 0.5 0.02401333333333332
