0 0.5029583333333333 0.35040625000000003 0.4807692307692308 0.05670512820512823
0 0.622628205128205 0.35468269230769234 0.4807692307692308 0.08761538461538458
0 0.5510160256410257 0.4134338942307692 0.7211538461538461 0.08967628205128204
0 0.3896794871794871 0.33612740384615386 0.4807692307692308 0.11853846153846151
0 0.3948301282051282 0.22751081730769232 0.4807692307692308 0.09483012820512825
0 0.43090705128205126 0.24954567307692305 0.4807692307692307 0.08761538461538462
0 0.49961858974358975 0.4154362980769231 0.4807692307692308 0.04891346153846151
0 0.4087211538461539 0.2738966346153846 0.2403846153846154 0.09689102564102563
0 0.3373429487179488 0.3129483173076923 0.48076923076923084 0.06774038461538459
0 0.44183653846153853 0.36699759615384614 0.48076923076923084 0.07206410256410253
0 0.4845064102564102 0.44049278846153844 0.4807692307692307 0.04638461538461539
0 0.5557852564102564 0.4262608173076923 0.48076923076923084 0.09308012820512823
0 0.4587371794871794 0.49808413461538453 0.4807692307692308 0.08658333333333329
0 0.32419871794871796 0.24529326923076922 0.2403846153846154 0.0659679487179487
