0 0.5038742747827919 0.3967986977370274 0.5 0.017853157813545975
0 0.48023763423927734 0.39553208856782307 0.5 0.016405604477312485
0 0.48918549046115306 0.41030745677940683 0.25 0.023708057260289708
0 0.49149717130899595 0.255568028006345 0.25 0.031228036716081684
0 0.3393825518167011 0.4825662329088595 0.5 0.025573442273457734
0 0.46375558104128034 0.4278489224687146 0.5 0.01904881437288471
0 0.6268939699497569 0.4216580577975271 0.5 0.02793826108023086
0 0.45795487082864234 0.4513731988195515 0.5 0.029352832798453923
0 0.33944832967375593 0.42046805274810245 0.5 0.020321191937391177
0 0.2854508013977588 0.38036864616811433 0.25 0.016952362788730094
0 0.45104505590830346 0.31478976906434275 0.5 0.02765911823424373
0 0.4199400818323526 0.513869573804908 0.49999999999999994 0.028951066724669013
0 0.38376155038819765 0.3752663418605547 0.5 0.015440568919823514
0 0.42910530979820516 0.4943276037657564 0.5 0.027986031167180122
0 0.47927287340076663 0.44891061784143177 0.49999999999999994 0.03136365561839163
0 0.426917443383315 0.38998626484201565 0.5 0.02145014704502402
0 0.45238301934928554 0.28835746655823075 0.5 0.03390472557746011
0 0.5019447531057704 0.40675062692363234 0.5 0.019300711149779392
0 0.46408212200814813 0.36857140768047497 0.25 0.022678335600990824
0 0.39485630003107175 0.38865621022071417 0.5 0.02702099560969115
0 0.35073466692660227 0.42830017880730525 0.49999999999999994 0.029917310352270306
0 0.460405330466395 0.37813223621187075 0.25 0.02483701236792255
0 0.4167597398557534 0.4884170382887542 0.5 0.03330417567516891
0 0.4415525560114153 0.2928841520282216 0.5 0.03146744471947954
0 0.47581639578548673 0.4268964817500704 0.5 0.029208182038423198
0 0.49149717130899595 0.2794909347049147 0.25 0.023644084942176125
0 0.49254256674421654 0.48419473041212224 0.25 0.02895106672466909
0 0.34710063852478745 0.49505138043387314 0.5 0.012545462247356682
0 0.43971767902182396 0.4349779169801848 0.49999999999999994 0.014475533362334545
0 0.44471218933990164 0.44332608414668334 0.5 0.0158740119774039
0 0.4874832809860498 0.27229733338996015 0.25 0.026766888613784356
0 0.4296376408525906 0.2856807776968523 0.5 0.031228036716081684
0 0.4553721584024804 0.33185366055563026 0.25 0.02765911823424373
0 0.4751768716510222 0.3602479759971326 0.25 0.023643371158479795
0 0.4030567671584137 0.37779956019896327 0.5 0.026055960052202256
0 0.3909972566770287 0.4357016936483015 0.5000000000000001 0.021230782264757334
0 0.48533809163617603 0.4252297104924429 0.5 0.031113063475711668
0 0.46696784155765825 0.28116386524327625 0.25 0.03167415152631141
0 0.47589621046597874 0.4069315710906616 0.5000000000000001 0.023643371158479795
0 0.5135218831678997 0.42104521611893775 0.5000000000000001 0.026538477830946705
0 0.40660203632819153 0.4340155140396965 0.5 0.031610743013719605
0 0.37011463244362436 0.3741103336409287 0.25 0.012982983737777658
0 0.2562288636501738 0.3945254186852058 0.25 0.03142674411175282
