0 0.3322314049586777 0.2890625 0.3125 0.01652892561983471
0 0.5801652892561984 0.340625 0.546875 0.023140495867768594
0 0.5487603305785124 0.337890625 0.390625 0.05454545454545454
0 0.4512396694214876 0.326171875 0.390625 0.024793388429752067
0 0.4231404958677686 0.280078125 0.390625 0.02809917355371901
0 0.39669421487603307 0.3671875 0.3125 0.05289256198347107
0 0.4115702479338843 0.333984375 0.3125 0.03471074380165289
0 0.4214876033057851 0.321484375 0.3125 0.03801652892561983
0 0.540495867768595 0.28359375 0.390625 0.03305785123966942
0 0.4743801652892562 0.27265625 0.390625 0.04628099173553719
0 0.5933884297520661 0.298046875 0.46875 0.03471074380165289
0 0.7884297520661157 0.2875 0.703125 0.05289256198347107
0 0.5487603305785124 0.253515625 0.46875 0.03801652892561983
0 0.8132231404958677 0.216015625 0.625 0.03471074380165289
0 0.6628099173553719 0.2359375 0.625 0.03966942148760331
0 0.71900826446281 0.215625 0.546875 0.05289256198347107
0 0.7074380165289256 0.227734375 0.546875 0.04132231404958678
0 0.6181818181818182 0.21875 0.546875 0.04628099173553719
0 0.5851239669421487 0.21640625 0.546875 0.03966942148760331
0 0.6429752066115703 0.237109375 0.46875 0.03140495867768595
0 0.5867768595041323 0.2125 0.46875 0.03966942148760331
0 0.5206611570247934 0.201171875 0.46875 0.047933884297520664
0 0.5173553719008265 0.217578125 0.390625 0.04462809917355372
0 0.48760330578512395 0.221875 0.390625 0.04297520661157025
0 0.6033057851239669 0.1796875 0.546875 0.03636363636363636
0 0.631404958677686 0.16875 0.46875 0.04628099173553719
0 0.5057851239669422 0.130859375 0.46875 0.04132231404958678
0 0.343801652892562 0.2359375 0.3125 0.03636363636363636
0 0.428099173553719 0.202734375 0.3125 0.04462809917355372
0 0.41818181818181815 0.2265625 0.3125 0.019834710743801654
0 0.34049586776859503 0.220703125 0.3125 0.03471074380165289
0 0.2909090909090909 0.1046875 0.234375 0.04628099173553719
0 0.38181818181818183 0.228125 0.234375 0.026446280991735537
