0 0.36982638888888886 0.189109375 0.390625 0.1125
0 0.4434375 0.13715625 0.390625 0.11666666666666667
0 0.9669097222222222 0.24347460937500004 0.78125 0.07306250000000003
0 0.41149305555555554 0.3223125 0.390625 0.08055555555555556
0 0.6590277777777778 0.055515625 0.390625 0.05266666666666668
0 0.9659236111111114 0.16058203124999998 0.78125 0.04768055555555553
0 0.6128819444444444 0.23090625 0.390625 0.09444444444444444
0 0.46597222222222223 0.547755859375 0.390625 0.052423611111111115
0 0.4017708333333333 0.24809375 0.390625 0.09444444444444444
0 0.34482638888888884 0.12348437500000001 0.3515625 0.07361111111111111
0 0.3795486111111111 0.28559375 0.390625 0.05277777777777778
0 0.9120138888888887 0.19123242187499997 0.78125 0.05221527777777778
0 0.6878819444444444 0.125828125 0.390625 0.12083333333333333
0 0.3169375 0.44915820312499993 0.3515625 0.06699305555555557
0 0.6355347222222221 0.09607812499999999 0.390625 0.09641666666666666
0 0.9625138888888889 0.12721875 0.78125 0.03462500000000001
0 0.36957638888888894 0.44888671875 0.390625 0.14369444444444449
0 0.6198263888888889 0.136765625 0.390625 0.07916666666666666
0 0.9284722222222223 0.114130859375 0.78125 0.024409722222222208
0 0.9281597222222222 0.357859375 0.390625 0.1125
0 0.7347777777777778 0.19940820312500002 0.78125 0.10147916666666662
0 0.34343749999999995 0.404734375 0.3515625 0.10416666666666659
0 0.8601041666666667 0.093015625 0.390625 0.10694444444444444
0 1.0833333333333333 0.216447265625 0.78125 0.10702083333333338
0 0.7538055555555556 0.11727148437500001 0.390625 0.12639583333333335
0 0.9823263888888889 0.160203125 0.390625 0.09305555555555556
0 0.7267708333333333 0.16528125 0.78125 0.11944444444444445
0 0.8954861111111111 0.282748046875 0.78125 0.07631249999999999
0 0.916590277777778 0.22383984375 0.78125 0.06819444444444447
0 0.3531597222222222 0.327 0.3515625 0.1111111111111111
0 0.9835138888888887 0.20495898437500001 0.78125 0.0783263888888889
0 1.0833333333333333 0.27072070312499996 0.78125 0.048645833333333305
0 0.48606250000000006 0.48492968750000004 0.390625 0.1029166666666667
0 0.8200069444444444 0.21973046875 0.78125 0.10229166666666671
0 0.8484027777777776 0.189365234375 0.7812499999999999 0.03815972222222221
0 0.4378819444444444 0.060298828125 0.390625 0.1118125
0 0.5780208333333333 0.08559765625 0.39062499999999994 0.042944444444444445
0 0.857326388888889 0.139890625 0.7812500000000001 0.06527777777777778
0 0.5170486111111111 0.305515625 0.390625 0.14027777777777778
0 0.40593749999999995 0.114109375 0.390625 0.09861111111111111
0 0.9937291666666669 0.10918164062499999 0.78125 0.04540972222222221
0 0.36982638888888886 0.40317187499999996 0.390625 0.1291666666666666
0 1.0300902777777776 0.139376953125 0.78125 0.030812500000000003
0 0.9795486111111111 0.08637500000000001 0.390625 0.07777777777777778
0 0.7948263888888889 0.09223437500000001 0.390625 0.13472222222222222
0 0.4751458333333334 0.05779296874999999 0.390625 0.07697222222222222
0 0.3040972222222223 0.49011914062499995 0.3125 0.11942361111111113
0 1.0576527777777778 0.16765234375 0.78125 0.04702777777777776
0 0.49540277777777786 0.084 0.39062500000000006 0.08426388888888892
0 0.7059375 0.112546875 0.78125 0.06805555555555555
0 0.9426627522897257 0.19458424000539792 0.78125 0.06186805555555558
0 1.032326388888889 0.09223437500000001 0.390625 0.07916666666666666
0 0.5043125 0.057109375 0.390625 0.0486111111111111
