0 0.26187179487179485 0.3992379807692307 0.2403846153846154 0.04317307692307694
0 0.2916121794871795 0.2610889423076923 0.2403846153846154 0.048929487179487204
0 0.3798333333333333 0.41650721153846154 0.4807692307692308 0.04508974358974361
0 0.16277243589743587 0.2542524038461539 0.21634615384615385 0.04221153846153844
0 0.47127243589743584 0.4856646634615385 0.4807692307692308 0.04273397435897441
0 0.367400641025641 0.24813701923076922 0.2403846153846154 0.03741666666666663
0 0.43979715992886476 0.42039997354076797 0.4807692307692308 0.04188069867281716
0 0.38275000000000003 0.3247668269230769 0.24038461538461542 0.057564102564102534
0 0.35105128205128194 0.43701442307692306 0.4807692307692308 0.047967948717948745
0 0.4380352564102564 0.5324062499999999 0.24038461538461542 0.03917307692307686
0 0.35968589743589735 0.4877403846153846 0.4807692307692307 0.03357692307692315
0 0.38942948717948717 0.38916466346153844 0.4807692307692308 0.029740384615384603
0 0.31080128205128205 0.3942019230769231 0.2403846153846154 0.054685897435897475
0 0.39422756410256404 0.2502932692307692 0.4807692307692307 0.027820512820512844
0 0.21774038461538467 0.24741586538461538 0.2403846153846154 0.03166025641025644
0 0.4240064102564103 0.34491346153846153 0.24038461538461542 0.05180769230769227
0 0.4226025641025641 0.44115024038461537 0.4807692307692308 0.061727564102564074
0 0.4115352564102564 0.40535576923076927 0.2403846153846154 0.03453846153846154
0 0.4508653846153846 0.38664663461538457 0.2403846153846154 0.03453846153846154
0 0.3760352564102564 0.42046514423076925 0.2403846153846154 0.032618589743589735
0 0.3366634615384615 0.2477764423076923 0.4807692307692307 0.023025641025641037
0 0.41728846153846155 0.2621670673076923 0.2403846153846154 0.04413141025641027
0 0.3299455128205128 0.4010372596153846 0.4807692307692308 0.02686217948717947
0 0.4288012820512821 0.4449290865384615 0.2403846153846154 0.032618589743589735
0 0.3875096153846154 0.4938569711538461 0.48076923076923084 0.04988782051282054
0 0.461775641025641 0.5395288461538461 0.2403846153846154 0.051044871794871716
0 0.32707051282051286 0.48378365384615385 0.4807692307692308 0.028782051282051267
0 0.42396474358974356 0.26684375000000005 0.4807692307692308 0.0316602564102564
0 0.38366987179487183 0.23554326923076924 0.48076923076923084 0.03453846153846154
0 0.3712019230769231 0.19561057692307693 0.4807692307692308 0.04892948717948717
0 0.4316826923076923 0.4632764423076923 0.24038461538461536 0.020147435897435867
0 0.4729358974358974 0.32332692307692307 0.2403846153846154 0.057564102564102534
