0 0.42211666666666664 0.45168874999999997 0.5 0.023103333333333316
0 0.45974 0.3839475 0.25 0.052286666666666634
0 0.45372333333333337 0.5479925 0.5 0.02857999999999993
0 0.3886466666666667 0.48673500000000003 0.5 0.03931333333333335
0 0.44192666666666675 0.5225387499999999 0.5000000000000001 0.055730000000000016
0 0.4994133333333333 0.43397375 0.25 0.04344999999999997
0 0.4114266666666667 0.22573 0.5000000000000001 0.05259999999999999
0 0.2718666666666667 0.32501625 0.25 0.019336666666666665
0 0.2676466666666667 0.38826374999999996 0.25 0.0337033333333333
0 0.4895933333333333 0.51338 0.25 0.04618666666666672
0 0.22776333333333332 0.45987874999999995 0.25 0.04260333333333331
0 0.43159 0.5137025 0.25 0.030873333333333298
0 0.3337633333333333 0.42843375 0.25 0.021609999999999976
0 0.2665466666666666 0.07131125 0.25 0.026449999999999987
0 0.4611733333333333 0.21316875000000002 0.25 0.021816666666666682
0 0.20971333333333328 0.30120624999999995 0.25 0.040856666666666645
0 0.43385333333333337 0.45401625 0.25 0.03965666666666667
0 0.7147199999999999 0.610195 0.75 0.04517999999999999
0 0.3952866666666666 0.36394624999999997 0.24999999999999997 0.038636666666666694
0 0.37803 0.354605 0.24999999999999997 0.04693999999999998
0 0.48078 0.46901625 0.24999999999999997 0.05207000000000001
0 0.33039 0.3679775 0.25 0.04378666666666671
0 0.4980266666666666 0.39475249999999995 0.24999999999999997 0.027933333333333317
0 0.46694666666666657 0.28603729228891583 0.25 0.05602611277044237
0 0.46709999999999996 0.47210625 0.25 0.04592333333333333
0 0.49838000000000005 0.47742375000000004 0.25000000000000006 0.03448333333333335
0 0.25906333333333337 0.4198475 0.25 0.04573333333333335
0 0.30624 0.4053425 0.25 0.017853333333333315
0 0.48488000000000003 0.24440625 0.25000000000000006 0.020623333333333334
0 0.33517666666666673 0.34852 0.25 0.020606666666666645
0 0.49514248279741785 0.40164686408722466 0.5 0.02216169576740079
0 0.4438533333333333 0.46552625000000003 0.5 0.02483
0 0.33840333333333333 0.2364575 0.5 0.04855333333333332
0 0.3982933333333334 0.40098625 0.5 0.04511666666666664
0 0.4638633333333334 0.414925 0.25 0.018966666666666698
0 0.32758333333333334 0.40374 0.25 0.054460000000000036
0 0.3058120629179159 0.3969495710587047 0.25 0.018721143843454
0 0.36741666666666667 0.5243049999999999 0.5 0.04241333333333326
0 0.3145866666666667 0.1385625 0.25 0.047699999999999985
0 0.5277075359636146 0.3707623898713946 0.5 0.026193627009614223
0 0.5959466666666667 0.57365375 0.75 0.04307666666666667
0 0.29710333333333333 0.36854999999999993 0.25 0.03445999999999996
0 0.4490333333333334 0.4414725 0.25 0.03655333333333336
0 0.3927333333333333 0.3825075 0.25 0.022353333333333315
0 0.4504900000000001 0.41859625 0.5 0.03340333333333335
0 0.31250592344670075 0.37466289683138804 0.25 0.04014113134805522
0 0.33733846459893013 0.13844071863501864 0.5 0.050920181337019664
