0 0.19112500000000002 1.1393333333333333 0.5555555555555556 0.016395833333333342
0 0.15823437499999998 0.9314398148148149 0.4629629629629629 0.011296875000000029
0 0.12418229166666664 0.9771759259259258 0.37037037037037035 0.009822916666666615
0 0.16095833333333337 1.0263981481481483 0.46296296296296297 0.014968750000000005
0 0.10445312500000001 0.9591944444444442 0.37037037037037035 0.012364583333333339
0 0.12965104166666666 1.0069212962962963 0.2777777777777778 0.009463541666666705
0 0.11503645833333337 1.055388888888889 0.2777777777777778 0.0152708333333333
0 0.17102604166666666 0.9723240740740742 0.46296296296296297 0.016739583333333384
0 0.13462499999999997 0.886912037037037 0.46296296296296297 0.007869791666666674
0 0.14925000000000002 0.8884953703703704 0.4629629629629629 0.008984375
0 0.14924479166666665 0.7424351851851851 0.4629629629629629 0.010729166666666679
0 0.16146875 0.7775972222222223 0.46296296296296297 0.005973958333333348
0 0.1805520833333333 0.9689907407407405 0.5555555555555556 0.009302083333333282
0 0.18307291666666667 1.0385925925925925 0.5555555555555556 0.009989583333333366
0 0.10182812500000002 1.0212453703703703 0.2777777777777778 0.007213541666666619
0 0.1228125 0.986675925925926 0.2777777777777778 0.01217708333333339
0 0.12736979166666665 0.953699074074074 0.37037037037037035 0.014546875000000034
0 0.13002604166666668 0.9133935185185186 0.2777777777777778 0.009744791666666686
0 0.12553645833333335 0.884 0.37037037037037035 0.013770833333333362
0 0.121875 1.0567222222222221 0.2777777777777778 0.012270833333333305
0 0.13190625 0.9551157407407408 0.46296296296296297 0.009276041666666698
0 0.16908333333333334 1.0260462962962964 0.5555555555555556 0.009614583333333352
0 0.2000833333333333 0.9973796296296297 0.5555555555555556 0.014572916666666677
0 0.16523958333333333 0.8002314814814815 0.46296296296296297 0.020437500000000004
0 0.19109374999999998 0.9090648148148148 0.6481481481481481 0.015156250000000012
0 0.18571875000000002 0.9883888888888889 0.5555555555555556 0.016114583333333363
0 0.12025 1.0516342592592594 0.37037037037037035 0.016994791666666724
0 0.11728645833333333 0.9302962962962963 0.37037037037037035 0.01264583333333332
0 0.13509374999999998 0.9607824074074074 0.46296296296296297 0.010776041666666696
0 0.10491666666666667 1.0070046296296298 0.2777777777777778 0.009182291666666724
0 0.11484895833333336 1.0346481481481482 0.2777777777777778 0.015364583333333333
0 0.12890104166666666 1.0386481481481482 0.2777777777777778 0.014052083333333344
0 0.18526562499999996 0.833324074074074 0.5555555555555556 0.013927083333333338
0 0.19428645833333333 0.866638888888889 0.5555555555555556 0.008572916666666685
0 0.19157812499999996 0.9270787037037036 0.5555555555555556 0.01061979166666666
0 0.13040625 0.9039814814814814 0.37037037037037035 0.014145833333333318
0 0.13948790106355466 0.8978354846153633 0.46296296296296297 0.007503851779225102
0 0.161640625 0.9716064814814815 0.46296296296296297 0.015380208333333319
0 0.16493229166666665 0.8562453703703704 0.5555555555555556 0.007276041666666681
0 0.18746111533941962 0.8799748180022036 0.5555555555555556 0.008409170252479115
0 0.19093749999999995 0.8954074074074073 0.5555555555555556 0.007145833333333348
0 0.19331451703514949 0.9088703198342846 0.5555555555555556 0.0067082764802367
0 0.13066145833333334 1.0422453703703705 0.37037037037037035 0.01561979166666667
0 0.12918229166666667 0.8699212962962963 0.2777777777777778 0.005994791666666662
0 0.17674479166666668 1.0248287037037038 0.46296296296296297 0.011296875000000029
0 0.18156250000000002 0.8504722222222222 0.5555555555555556 0.00493750000000001
0 0.13094791666666666 0.9788749999999999 0.37037037037037035 0.013015625000000005
0 0.1797135416666667 0.7438101851851852 0.46296296296296297 0.007578124999999976
0 0.17315625 0.8320416666666667 0.462962962962963 0.0055885416666666765
0 0.12084374999999999 1.0772916666666665 0.2777777777777778 0.005619791666666648
0 0.20219270833333336 0.8969444444444444 0.5555555555555556 0.016239583333333307
0 0.16083854166666664 0.8255231481481482 0.4629629629629629 0.014307291666666682
0 0.17714583333333334 0.7737638888888888 0.46296296296296297 0.006953125000000012
0 0.17320312500000004 0.9307129629629629 0.46296296296296297 0.012385416666666652
0 0.160140625 0.9001111111111111 0.46296296296296297 0.01469791666666668
0 0.10867187500000001 0.8832453703703703 0.37037037037037035 0.007682291666666666
0 0.15917708333333333 1.0864490740740738 0.5555555555555556 0.005244791666666634
0 0.16544270833333333 0.8205185185185185 0.5555555555555556 0.008718750000000004
0 0.20597395833333335 1.033212962962963 0.5555555555555556 0.01705208333333334
0 0.15843750000000004 0.7924722222222221 0.5555555555555556 0.01935416666666665
0 0.13800520833333332 1.0714861111111111 0.37037037037037035 0.013828124999999976
0 0.13515625 0.9643611111111111 0.37037037037037035 0.015822916666666725
0 0.18568749999999998 1.1016851851851852 0.5555555555555556 0.014333333333333325
0 0.17959895833333336 0.9534537037037037 0.462962962962963 0.015104166666666667
0 0.154296875 1.0341157407407409 0.37037037037037035 0.012119791666666657
0 0.143875 0.7732314814814815 0.46296296296296297 0.008718750000000004
0 0.1605208333333333 0.8948055555555555 0.5555555555555556 0.008052083333333352
0 0.1651979166666667 0.913050925925926 0.5555555555555556 0.015067708333333308
0 0.18523958333333337 0.9233101851851852 0.6481481481481481 0.012557291666666673
0 0.18222395833333332 0.7632407407407407 0.46296296296296297 0.010895833333333311
0 0.202203125 0.9324722222222221 0.5555555555555556 0.015822916666666666
0 0.18052083333333335 1.0111990740740742 0.5555555555555556 0.007651041666666695
