0 0.5035925925925926 0.3093255208333333 0.46875 0.040861111111111105
0 0.47755555555555557 0.2844166666666667 0.5208333333333334 0.026370370370370388
0 0.8149722222222223 0.3079661458333333 0.5208333333333334 0.043046296296296305
0 0.464 0.30720312499999997 0.46875 0.03205555555555556
0 0.5471574074074075 0.35228645833333333 0.5208333333333334 0.03520370370370369
0 0.7468425925925926 0.15487239583333334 0.5208333333333334 0.05649074074074073
0 0.49856481481481485 0.280328125 0.46875 0.034574074074074104
0 0.46400925925925923 0.27944270833333335 0.46875 0.04274074074074071
0 0.6213425925925925 0.4214557291666666 0.5208333333333334 0.05200925925925922
0 0.6240370370370371 0.22650260416666665 0.5208333333333334 0.047527777777777766
0 0.5004074074074074 0.27403125 0.5208333333333334 0.029888888888888864
0 0.5891481481481481 0.2600677083333333 0.5208333333333334 0.03472222222222217
0 0.7482592592592594 0.18822916666666664 0.5208333333333334 0.03975925925925926
0 0.5164629629629629 0.19043489583333334 0.5208333333333334 0.026898148148148157
0 0.23877777777777778 0.4464270833333333 0.2604166666666667 0.04214814814814813
0 0.2863055555555556 0.30336197916666663 0.2604166666666667 0.03462037037037036
0 0.27184259259259264 0.29638281250000004 0.2604166666666667 0.053546296296296335
0 0.5728888888888889 0.2791015625 0.5208333333333334 0.028564814814814835
0 0.24689814814814817 0.28495572916666667 0.20833333333333334 0.04254629629629634
0 0.48872222222222217 0.34415104166666666 0.5208333333333333 0.020111111111111135
0 0.6356944444444445 0.14377604166666663 0.5208333333333334 0.04035185185185184
