0 0.1298828125 0.8524305555555556 0.3472222222222222 0.0263671875
0 0.208984375 0.8546006944444444 0.6076388888888888 0.03076171875
0 0.15869140625 0.90234375 0.5208333333333334 0.02978515625
0 0.1484375 0.9032118055555556 0.4340277777777778 0.03076171875
0 0.193359375 0.83203125 0.5208333333333334 0.01904296875
0 0.14306640625 0.9678819444444444 0.4340277777777778 0.0263671875
0 0.18798828125 0.8893229166666666 0.5208333333333334 0.03271484375
0 0.16259765625 0.7513020833333334 0.4340277777777778 0.02490234375
0 0.18505859375 0.8098958333333334 0.5208333333333334 0.0283203125
0 0.16650390625 0.9965277777777778 0.4340277777777778 0.0234375
0 0.14453125 0.8836805555555556 0.3472222222222222 0.0146484375
