0 0.44107291666666676 0.3018515625 0.546875 0.04762500000000003
0 0.35822916666666665 0.23561718750000002 0.46875 0.05604166666666668
0 0.31896875 0.19851953125 0.46875 0.04082291666666667
0 0.39822916666666675 0.231046875 0.46875 0.043208333333333356
0 0.11506250000000001 0.32660546875 0.078125 0.05482291666666666
0 0.37985416666666666 0.378140625 0.46875 0.031979166666666656
0 0.39378124999999997 0.24660937499999996 0.546875 0.04252083333333333
0 0.15240625 0.36320703125 0.15625 0.04130208333333331
0 0.17646875000000004 0.3927265625 0.15625000000000003 0.04539583333333338
0 0.5022708333333334 0.30503906249999996 0.625 0.024833333333333308
0 0.32137499999999997 0.32368359374999994 0.46875 0.022989583333333327
0 0.3156041666666667 0.29293816730916833 0.390625 0.05583511282444871
0 0.29587499999999994 0.40709765625000005 0.39062499999999994 0.030281249999999992
0 0.3323645833333334 0.46605078125000005 0.39062500000000006 0.05865625000000006
0 0.19351041666666666 0.5088710937500001 0.234375 0.05203125000000005
