0 0.2158046875 0.421875 0.390625 0.01825000000000001
0 0.26995312499999996 0.4561640625000001 0.39062499999999994 0.03207812500000005
0 0.32514843749999994 0.5292929687499999 0.546875 0.029429687499999968
0 0.23501562499999995 0.40937109375 0.46875 0.05091406250000001
0 0.287984375 0.38464453125 0.46875 0.05032031249999998
0 0.29159375 0.34021093750000003 0.546875 0.07268750000000002
0 0.22691406249999999 0.28208593750000005 0.3125 0.031781250000000004
0 0.2951328125 0.49751171875000005 0.546875 0.025898437499999982
0 0.25200000000000006 0.43232421875 0.39062499999999994 0.02796093749999997
0 0.3790859375 0.3218125 0.625 0.045906249999999996
0 0.35053906249999994 0.3708125 0.625 0.0444375
0 0.20639062499999997 0.367140625 0.39062499999999994 0.039437500000000014
0 0.426546875 0.4273203125 0.703125 0.02678124999999998
0 0.2909296875 0.49485937500000005 0.46875 0.03531250000000004
0 0.41785937500000003 0.64400390625 0.703125 0.05621093750000004
0 0.1550234375 0.66516796875 0.234375 0.032367187499999964
0 0.370625 0.4142265625 0.703125 0.03590625000000003
0 0.3752578125 0.40877734375 0.625 0.046789062500000034
0 0.3115234375 0.4374726562499999 0.46875 0.0635703125
0 0.186671875 0.675953125 0.234375 0.017984374999999986
0 0.22787500000000005 0.40598437499999995 0.39062499999999994 0.028250000000000018
0 0.2623125 0.25221875000000005 0.390625 0.053265625000000004
0 0.22271093749999998 0.5959921875 0.3125 0.05535937500000001
0 0.3498671875 0.4886835937500001 0.546875 0.052976562500000046
0 0.16978125 0.6592382812500001 0.3125 0.01880468750000004
0 0.22362500000000002 0.66253125 0.390625 0.03428125
0 0.337 0.37552734375 0.625 0.03855468750000002
0 0.2682734375 0.39288671875 0.46875 0.04561718750000003
0 0.33015625000000004 0.48455859375 0.546875 0.03649218750000003
0 0.191296875 0.33932812500000004 0.3125 0.03737499999999998
0 0.148296875 0.67548046875 0.15625 0.02182031249999996
0 0.23501562499999995 0.365078125 0.46875 0.05003125000000001
0 0.40132031250000005 0.6193125 0.78125 0.06007812499999998
0 0.30249218749999995 0.52664453125 0.546875 0.05414843749999996
0 0.216609375 0.4128984375 0.3125 0.02854687499999997
0 0.2644362116359379 0.27355345241667833 0.46875 0.03707565483335658
0 0.20785937500000004 0.33240625 0.39062499999999994 0.038843750000000024
0 0.24953124999999998 0.67439453125 0.46875 0.01486718749999998
0 0.20875 0.66025 0.3125 0.020140624999999978
