0 0.3841587208104533 0.37326536988244063 0.4844961240310077 0.015023431325205623
0 0.6600261396030134 0.4348248520946431 0.9689922480620154 0.013572603875346053
0 0.6698032215349453 0.41812962515295 0.872093023255814 0.014881488152202147
0 0.6080092331424377 0.5855459596922284 0.7751937984496124 0.025239133466005894
0 0.43904479544987524 0.42089632820437906 0.4844961240310078 0.0138900067725644
0 0.3768485700132657 0.3121380835112584 0.4844961240310077 0.01002764218426727
0 0.37235143470033966 0.3484498570255918 0.3875968992248062 0.014623398982819141
0 0.4212737253782093 0.45657710035875226 0.4844961240310077 0.01534917510745489
0 0.3791169390061546 0.4675563280745011 0.4844961240310077 0.013041204448438835
0 0.40529070984849846 0.40620746787889794 0.4844961240310077 0.009767627181691855
0 0.665090016652765 0.4235473227746067 0.9689922480620154 0.014794178247789452
0 0.4036862163798487 0.3989729219924584 0.5813953488372093 0.016792396247428645
0 0.34149646589755794 0.41144737663863856 0.3875968992248062 0.021345001452286995
0 0.6599724381866766 0.40082043660303623 0.872093023255814 0.017656002892443755
0 0.40120870447919404 0.41138574813137146 0.4844961240310077 0.010032441257853483
0 0.32139281407402676 0.42672845722380204 0.3875968992248062 0.01595484957039639
0 0.36965385780354965 0.433210521954755 0.4844961240310077 0.015197109553418343
0 0.41068568521840204 0.419798607016581 0.4844961240310077 0.018764125901671147
0 0.6914846907829625 0.41983216828900694 0.872093023255814 0.02132615504400954
0 0.39414663063396954 0.3986619516915801 0.5813953488372093 0.018036277450941864
0 0.377253310085114 0.38444271571036964 0.3875968992248062 0.010995909839056933
0 0.35900020853244125 0.4759649650102509 0.3875968992248062 0.020482577151184553
0 0.6737751567622914 0.3584731334473986 0.872093023255814 0.024620244882874828
0 0.7041270864464173 0.41510288179995947 0.872093023255814 0.017908231505192978
0 0.6566923786016673 0.41983216828900694 0.872093023255814 0.015385945377700962
0 0.44311572824303547 0.33352513852577786 0.4844961240310077 0.012276471039728896
0 0.4374856396235152 0.42835961542545803 0.4844961240310077 0.009656269727608732
0 0.3793256156508585 0.2801272774636703 0.4844961240310077 0.013435117573395721
0 0.334788209222767 0.4202863994124834 0.4844961240310077 0.022150939998427346
0 0.43454451177521203 0.44262933395251125 0.4844961240310077 0.021169250799055125
0 0.325150545528388 0.49545036406328524 0.4844961240310077 0.010044992245395032
0 0.3490320416429279 0.5045948946260174 0.3875968992248062 0.021824837403962547
