0 0.06610576923076923 0.5628205128205128 0.1282051282051282 0.03028846153846154
0 0.11899038461538461 0.49919871794871795 0.2564102564102564 0.026201923076923078
0 0.18629807692307693 0.5621794871794872 0.32051282051282054 0.04375
0 0.08966346153846154 0.5232371794871795 0.19230769230769232 0.04639423076923077
0 0.06394230769230769 0.5123397435897435 0.1282051282051282 0.031971153846153844
0 0.40552884615384616 0.6504807692307693 0.6410256410256411 0.03389423076923077
0 0.2608173076923077 0.5350961538461538 0.32051282051282054 0.03533653846153846
0 0.2701923076923077 0.6584935897435897 0.32051282051282054 0.02860576923076923
0 0.11826923076923077 0.55 0.28846153846153844 0.03028846153846154
0 0.32235576923076925 0.6642628205128205 0.6410256410256411 0.03341346153846154
0 0.33990384615384617 0.6722756410256411 0.6410256410256411 0.02235576923076923
