0 0.5047712418300654 0.6287469362745098 0.30637254901960786 0.055089869281045714
0 0.2998325163398693 0.5432169117647059 0.30637254901960786 0.049583333333333375
0 0.5207924836601308 0.4431372549019608 0.30637254901960786 0.05017973856209147
0 0.5438725490196079 0.5579580269607843 0.30637254901960786 0.05528186274509801
0 0.43032679738562096 0.4632628676470589 0.6127450980392157 0.03622549019607846
0 0.5465563725490196 0.4207950367647059 0.30637254901960786 0.03193218954248369
0 0.46631535947712416 0.5548376225490196 0.30637254901960786 0.07862745098039216
0 0.4413602941176471 0.5156939338235293 0.30637254901960786 0.06547794117647057
0 0.473921568627451 0.5952787990196078 0.30637254901960786 0.04076797385620913
0 0.4305923202614378 0.4972763480392157 0.6127450980392157 0.043202614379084965
0 0.41211192810457514 0.5296813725490196 0.3063725490196078 0.07647875816993466
