0 0.29125816993464054 0.3900122549019608 0.30637254901960786 0.041666666666666664
0 0.3276143790849673 0.3665747549019608 0.30637254901960786 0.04534313725490196
0 0.30718954248366015 0.3244485294117647 0.30637254901960786 0.05718954248366013
0 0.4485294117647059 0.2115502450980392 0.30637254901960786 0.042075163398692814
0 0.5236928104575164 0.23131127450980393 0.30637254901960786 0.04738562091503268
0 0.3819444444444444 0.27527573529411764 0.30637254901960786 0.04044117647058824
0 0.44730392156862747 0.26731004901960786 0.6127450980392157 0.060866013071895424
0 0.4730392156862745 0.3244485294117647 0.6127450980392157 0.04330065359477124
0 0.5625 0.3584558823529412 0.30637254901960786 0.04330065359477124
0 0.45955882352941174 0.36504289215686275 0.30637254901960786 0.027369281045751634
0 0.5972222222222222 0.40349264705882354 0.30637254901960786 0.0392156862745098
0 0.5853758169934641 0.4950980392156863 0.30637254901960786 0.051470588235294115
0 0.2757352941176471 0.31265318627450983 0.30637254901960786 0.053513071895424834
0 0.5032679738562091 0.2028186274509804 0.6127450980392157 0.03839869281045752
0 0.3582516339869281 0.18382352941176472 0.30637254901960786 0.04084967320261438
0 0.37050653594771243 0.2417279411764706 0.30637254901960786 0.03594771241830065
0 0.5616830065359477 0.40012254901960786 0.30637254901960786 0.03349673202614379
0 0.41094771241830064 0.43596813725490197 0.30637254901960786 0.03839869281045752
0 0.4285130718954248 0.45787377450980393 0.30637254901960786 0.03145424836601307
0 0.5506535947712419 0.4886642156862745 0.30637254901960786 0.041666666666666664
0 0.5228758169934641 0.5062806372549019 0.30637254901960786 0.03308823529411765
0 0.4820261437908497 0.33409926470588236 0.30637254901960786 0.04534313725490196
0 0.5306372549019608 0.2925857843137255 0.30637254901960786 0.027777777777777776
0 0.49142156862745096 0.26608455882352944 0.30637254901960786 0.0363562091503268
0 0.4493464052287582 0.125 0.30637254901960786 0.05310457516339869
0 0.47794117647058826 0.14215686274509803 0.30637254901960786 0.04003267973856209
0 0.49019607843137253 0.22778799019607843 0.30637254901960786 0.0363562091503268
0 0.48856209150326796 0.31096813725490197 0.6127450980392157 0.049836601307189546
0 0.46895424836601307 0.37484681372549017 0.6127450980392157 0.056781045751633986
0 0.4334150326797386 0.40379901960784315 0.30637254901960786 0.03758169934640523
0 0.40236928104575165 0.4257046568627451 0.30637254901960786 0.034722222222222224
0 0.6008986928104575 0.45818014705882354 0.30637254901960786 0.05841503267973856
0 0.44199346405228757 0.28170955882352944 0.6127450980392157 0.0559640522875817
0 0.27941176470588236 0.28722426470588236 0.30637254901960786 0.05923202614379085
0 0.23243464052287582 0.41207107843137253 0.30637254901960786 0.041666666666666664
0 0.43709150326797386 0.3776041666666667 0.30637254901960786 0.053513071895424834
0 0.565359477124183 0.27496936274509803 0.30637254901960786 0.024101307189542485
0 0.5731209150326797 0.25153186274509803 0.30637254901960786 0.029411764705882353
0 0.3321078431372549 0.27512254901960786 0.30637254901960786 0.03349673202614379
0 0.46119281045751637 0.2850796568627451 0.6127450980392157 0.053513071895424834
0 0.4959150326797386 0.42662377450980393 0.30637254901960786 0.034722222222222224
0 0.571078431372549 0.49172794117647056 0.30637254901960786 0.05718954248366013
0 0.4444444444444444 0.47549019607843135 0.30637254901960786 0.05310457516339869
0 0.44689542483660133 0.24417892156862744 0.30637254901960786 0.06535947712418301
0 0.45465686274509803 0.33011642156862747 0.6127450980392157 0.051879084967320264
0 0.3937908496732026 0.3619791666666667 0.30637254901960786 0.06413398692810457
0 0.36437908496732024 0.3938419117647059 0.30637254901960786 0.05923202614379085
0 0.5375816993464052 0.4387254901960784 0.30637254901960786 0.05392156862745098
0 0.5102124183006536 0.15946691176470587 0.30637254901960786 0.03308823529411765
0 0.5347222222222222 0.22380514705882354 0.30637254901960786 0.05269607843137255
0 0.36560457516339867 0.2545955882352941 0.30637254901960786 0.03349673202614379
0 0.3729575163398693 0.46829044117647056 0.30637254901960786 0.05269607843137255
0 0.5747549019607843 0.5620404411764706 0.30637254901960786 0.03145424836601307
0 0.43137254901960786 0.30683210784313725 0.30637254901960786 0.03227124183006536
0 0.31781045751633985 0.3434436274509804 0.30637254901960786 0.03104575163398693
0 0.49959150326797386 0.24034926470588236 0.30637254901960786 0.04861111111111111
0 0.46282679738562094 0.29059436274509803 0.30637254901960786 0.0363562091503268
0 0.556781045751634 0.33792892156862747 0.30637254901960786 0.03839869281045752
0 0.3868464052287582 0.3952205882352941 0.30637254901960786 0.058823529411764705
0 0.4803921568627451 0.3567708333333333 0.30637254901960786 0.046977124183006536
0 0.49060457516339867 0.41207107843137253 0.30637254901960786 0.03839869281045752
0 0.39828431372549017 0.17815563725490197 0.30637254901960786 0.034722222222222224
0 0.5637254901960784 0.2653186274509804 0.30637254901960786 0.031862745098039214
0 0.35375816993464054 0.32674632352941174 0.30637254901960786 0.028186274509803922
0 0.4889705882352941 0.3466605392156863 0.6127450980392157 0.03880718954248366
0 0.502859477124183 0.35462622549019607 0.30637254901960786 0.05106209150326797
0 0.5857843137254902 0.41605392156862747 0.30637254901960786 0.0661764705882353
0 0.3598856209150327 0.43734681372549017 0.30637254901960786 0.03227124183006536
0 0.34272875816993464 0.45174632352941174 0.30637254901960786 0.03799019607843137
0 0.41094771241830064 0.5029105392156863 0.30637254901960786 0.06495098039215687
0 0.5629084967320261 0.5458026960784313 0.30637254901960786 0.04044117647058824
0 0.3243464052287582 0.29381127450980393 0.30637254901960786 0.03839869281045752
0 0.3590686274509804 0.30606617647058826 0.30637254901960786 0.04656862745098039
0 0.41094771241830064 0.29120710784313725 0.30637254901960786 0.06576797385620915
0 0.33169934640522875 0.23100490196078433 0.30637254901960786 0.03431372549019608
0 0.4848856209150327 0.16727941176470587 0.30637254901960786 0.04820261437908497
0 0.3700980392156863 0.28370098039215685 0.30637254901960786 0.03349673202614379
0 0.5735294117647058 0.32245710784313725 0.30637254901960786 0.0428921568627451
0 0.5825163398692811 0.3492647058823529 0.30637254901960786 0.06454248366013073
0 0.5281862745098039 0.38955269607843135 0.30637254901960786 0.06658496732026144
0 0.40155228758169936 0.5188419117647058 0.30637254901960786 0.05024509803921569
0 0.5800653594771242 0.46890318627450983 0.30637254901960786 0.05024509803921569
0 0.32965686274509803 0.38419117647058826 0.30637254901960786 0.026143790849673203
0 0.35049019607843135 0.2509191176470588 0.30637254901960786 0.041666666666666664
0 0.431781045751634 0.32230392156862747 0.30637254901960786 0.041666666666666664
0 0.5012254901960784 0.3164828431372549 0.30637254901960786 0.04330065359477124
0 0.46977124183006536 0.44515931372549017 0.30637254901960786 0.06781045751633986
0 0.48733660130718953 0.28707107843137253 0.30637254901960786 0.051470588235294115
0 0.4170751633986928 0.19362745098039216 0.30637254901960786 0.04820261437908497
0 0.5069444444444444 0.20756740196078433 0.30637254901960786 0.05024509803921569
0 0.4861111111111111 0.38863357843137253 0.6127450980392157 0.08129084967320262
0 0.5408496732026143 0.3740808823529412 0.30637254901960786 0.05065359477124183
0 0.551062091503268 0.4166666666666667 0.30637254901960786 0.04084967320261438
0 0.3533496732026144 0.4730392156862745 0.30637254901960786 0.06045751633986928
0 0.5661764705882353 0.5762867647058824 0.30637254901960786 0.04493464052287582
