0 0.18153125 0.7102541666666666 0.3333333333333333 0.030018749999999983
0 0.18271875 0.5153958333333333 0.4166666666666667 0.022893749999999997
0 0.2408375 0.54145 0.5 0.028474999999999966
0 0.21763124999999994 0.8446083333333333 0.5 0.037524999999999975
0 0.22405 1.1526291666666664 0.5 0.022868749999999948
0 0.23426250000000004 0.6974541666666666 0.5833333333333334 0.016043749999999975
0 0.18993125 0.8159624999999999 0.5 0.03493124999999999
0 0.17814999999999998 0.9797666666666665 0.41666666666666663 0.03177499999999995
0 0.20674999999999996 0.9110708333333332 0.41666666666666663 0.013443749999999994
0 0.23647500000000002 1.0475666666666668 0.5833333333333334 0.029937500000000058
