0 0.5327133333333335 0.33442625 0.5 0.05247000000000003
0 0.5332766666666668 0.29050125000000004 0.5 0.05301666666666665
0 0.40565000000000007 0.4984275 0.5 0.045173333333333406
0 0.38269666666666674 0.4984263097012741 0.5000000000000001 0.0608834925367308
0 0.4588499999999999 0.49638499999999997 0.5 0.03581333333333335
0 0.4521833333333333 0.35498124999999997 0.25 0.06843666666666665
0 0.36771000000000004 0.5324500000000001 0.5 0.04196000000000004
0 0.5195733333333332 0.45061874999999996 0.49999999999999994 0.0722966666666667
0 0.4709433333333333 0.2698325 0.5 0.03913999999999999
0 0.4122466666666666 0.36067125 0.49999999999999994 0.03698333333333335
0 0.46656666666666674 0.31350874999999995 0.5 0.04660999999999998
0 0.37468333333333337 0.45659375 0.5000000000000001 0.07036999999999996
0 0.37975 0.3269075 0.5 0.032153333333333346
0 0.5117533333333333 0.3228925 0.5 0.0489533333333333
0 0.42934 0.5184200000000001 0.5 0.031160000000000007
0 0.3488533333333333 0.31273874999999995 0.5 0.04044999999999997
0 0.5019799999999999 0.29216000000000003 0.5 0.05430000000000003
0 0.39382 0.4651675 0.5 0.03541333333333334
0 0.43510000000000004 0.47466250000000004 0.5000000000000001 0.034666666666666665
0 0.48982999999999993 0.35010749999999996 0.49999999999999994 0.029413333333333336
0 0.43686000000000014 0.3118512499999999 0.5 0.04502999999999997
0 0.43466999999999995 0.265115 0.5 0.052626666666666704
