0 0.3708415032679738 0.6282306985294118 0.30637254901960786 0.04855800653594776
0 0.684562908496732 0.6529518995098038 0.6127450980392157 0.03466094771241826
0 0.2047140522875817 0.34383731617647056 0.2757352941176471 0.056613562091503235
0 0.5074101307189542 0.6635079656862746 0.30637254901960786 0.051593137254902034
0 0.45065359477124184 0.4256035539215686 0.30637254901960786 0.02789215686274509
0 0.3094607843137255 0.2893489583333333 0.30637254901960786 0.024260620915032675
0 0.4626429738562091 0.5773023897058823 0.30637254901960786 0.037177287581699345
0 0.3614501633986928 0.34885263480392154 0.30637254901960786 0.02888480392156864
0 0.3964950980392156 0.4268367034313726 0.3063725490196078 0.023492647058823524
0 0.36629084967320263 0.5969332107843137 0.30637254901960786 0.027312091503267934
0 0.411813725490196 0.6154273897058824 0.3063725490196078 0.03110702614379089
0 0.48388888888888887 0.6663526348039216 0.30637254901960786 0.04096813725490195
0 0.26131944444444444 0.24978094362745096 0.30637254901960786 0.048909313725490206
0 0.464922385620915 0.6168489583333333 0.30637254901960786 0.0470383986928104
