0 0.4107671957671957 0.38706845238095233 0.496031746031746 0.04269179894179891
0 0.3869543650793651 0.20149429563492063 0.24801587301587305 0.035836640211640215
0 0.24091600529100535 0.47940848214285714 0.24801587301587302 0.04903108465608465
0 0.32832341269841275 0.33872643849206346 0.24801587301587302 0.0385085978835979
0 0.37846891534391536 0.6311718749999999 0.24801587301587302 0.03817791005290999
0 0.4944907407407408 0.494140625 0.24801587301587302 0.06538690476190469
0 0.558584656084656 0.3487549603174603 0.49603174603174605 0.0584457671957672
0 0.3723974867724868 0.5052219742063492 0.24801587301587305 0.052139550264550215
0 0.4183002645502646 0.2558506944444444 0.49603174603174605 0.025112433862433843
0 0.26986441798941807 0.2148189484126984 0.24801587301587302 0.04109126984126984
