0 0.10793269230769231 0.453525641025641 0.22435897435897437 0.047115384615384615
0 0.15673076923076923 0.5671474358974359 0.32051282051282054 0.043028846153846154
0 0.24519230769230768 0.4658653846153846 0.32051282051282054 0.04495192307692308
0 0.24591346153846153 0.63125 0.32051282051282054 0.04783653846153846
0 0.14951923076923077 0.6253205128205128 0.32051282051282054 0.03173076923076923
0 0.2387019230769231 0.8538461538461538 0.32051282051282054 0.05913461538461538
0 0.35528846153846155 0.8706730769230769 0.32051282051282054 0.04783653846153846
0 0.24182692307692308 0.7602564102564102 0.32051282051282054 0.05
0 0.18942307692307692 0.7224358974358974 0.32051282051282054 0.05
0 0.28173076923076923 0.5879807692307693 0.32051282051282054 0.05216346153846154
0 0.22548076923076923 0.6894230769230769 0.32051282051282054 0.046634615384615385
