0 0.508382243472883 0.31725894612244426 0.5208333333333334 0.05704505137470798
0 0.4794115480636854 0.3579346705201277 0.2604166666666667 0.05475487952193513
0 0.4711694361459388 0.33261311867917037 0.2604166666666667 0.04566548258037813
0 1.0174858716776611 0.41520985693838136 0.78125 0.07235108876430477
0 0.6687585694295177 0.3355745230816022 0.2604166666666667 0.059696260846720126
0 0.6600070723152951 0.33178557297522737 0.5208333333333334 0.07700150960347148
0 0.2723930007756355 0.2899609157440899 0.2604166666666667 0.10120198405027689
0 0.4300320339918385 0.2942240042022591 0.2604166666666667 0.044661845600589556
0 0.8267005848310977 0.39764852025316083 0.5208333333333334 0.04238090697182515
0 0.9687024774908112 0.4250426278683708 0.78125 0.04516366409048384
0 0.4395638710763251 0.3098901501836457 0.2604166666666667 0.0401454791915411
0 0.6779257565388564 0.37567604982037917 0.5208333333333334 0.06950731480907048
0 0.7385362716243983 0.39868142508412974 0.78125 0.04487415342323707
0 0.41749014309119803 0.35067858431536386 0.2604166666666667 0.09183278365065042
0 0.8084206935555008 0.37518942777565767 0.5208333333333334 0.04818039950481176
0 0.8256810242256344 0.34824645387604464 0.5208333333333334 0.0654844481245514
0 0.454164209789235 0.3768667432821131 0.2604166666666667 0.05925937531184765
0 0.5734966766089296 0.3545766447908978 0.5208333333333334 0.058301142985485575
0 0.6885994912351955 0.3361169078904227 0.5208333333333334 0.06673464165634196
