0 0.47779657927148605 0.41059517094299924 0.25 0.04180081949902736
0 0.3781148408679522 0.5281045436625256 0.5 0.0617066005509774
0 0.47286593858251497 0.469645658930021 0.24999999999999997 0.05616524445367584
0 0.48247598926455276 0.35098804170511494 0.5 0.03386903639264172
0 0.41939547290038537 0.33463347276209265 0.5 0.045004062055975964
0 0.45198134298552683 0.508023724130117 0.5 0.02205341276781019
0 0.3669689867528047 0.5166215484472126 0.5 0.057087768988604314
0 0.45789631481530385 0.45120327267512356 0.5 0.04685989966653172
0 0.36366566736840666 0.3590441945262652 0.5 0.040911527135705984
0 0.4309318475016073 0.3461064066500918 0.24999999999999997 0.04950097045937453
0 0.4430506665369482 0.35638156976079244 0.5 0.047323859069170644
0 0.3553285763191493 0.29566088294042264 0.5 0.06450881946864623
0 0.4110829345525241 0.35033623827494775 0.25 0.033602915713492165
0 0.4133336391696088 0.33550232310837497 0.25 0.04479302414102077
0 0.3730958321287059 0.3260755881042803 0.5 0.0520866008527881
0 0.4129018903334859 0.5100567227484697 0.5 0.06926607747529843
0 0.4565977907031264 0.4658024619286289 0.5 0.03526091460055833
0 0.430149601644593 0.4265847305148585 0.25 0.054300378319771955
0 0.42286731908830205 0.379932069797331 0.25000000000000006 0.026767191433587717
