0 0.26492394179894185 0.38444940476190476 0.24801587301587305 0.04189153439153441
0 0.40544642857142854 0.3846515376984127 0.248015873015873 0.04606150793650792
0 0.4603108465608466 0.5339236111111111 0.24801587301587302 0.017738095238095195
0 0.4358564814814815 0.510329861111111 0.24801587301587302 0.030456349206349178
0 0.17691468253968254 0.17977182539682537 0.24801587301587302 0.036342592592592586
0 0.25336309523809525 0.16252356150793654 0.24801587301587302 0.04145171957671959
0 0.4944312169312169 0.3024082341269841 0.24801587301587302 0.05207010582010583
0 0.2586342592592593 0.5915302579365079 0.24801587301587302 0.022757936507936564
0 0.32723544973544977 0.5284474206349206 0.24801587301587302 0.02154100529100525
0 0.4960582010582012 0.30123883928571427 0.7440476190476191 0.06587632275132277
0 0.609345238095238 0.2866778273809524 0.49603174603174605 0.03813822751322749
0 0.3785846560846561 0.41754340277777774 0.248015873015873 0.03524801587301585
0 0.3065277777777778 0.4317199900793651 0.24801587301587302 0.03485119047619051
0 0.15966748551329188 0.3939941305845025 0.22321428571428573 0.052599289790279315
0 0.1901256613756614 0.5117733134920636 0.24801587301587302 0.03988095238095235
0 0.21499669312169314 0.2223573908730159 0.24801587301587305 0.0499702380952381
0 0.6412764550264549 0.4760081845238095 0.496031746031746 0.02211970899470903
0 0.3966269841269841 0.4400731646825397 0.24801587301587302 0.04405753968253969
0 0.3777843915343916 0.4505865575396826 0.24801587301587305 0.023230820105820105
0 0.39431547619047624 0.5507403273809524 0.24801587301587305 0.05790013227513233
0 0.40319113756613756 0.21984747023809523 0.49603174603174605 0.029123677248677267
0 0.22333664021164026 0.5293675595238095 0.24801587301587302 0.043902116402116324
0 0.31793320105820105 0.4792224702380953 0.24801587301587302 0.016755952380952406
0 0.3035284391534392 0.5713231646825396 0.24801587301587302 0.02309193121693119
0 0.404348544973545 0.47712797619047626 0.49603174603174605 0.0595767195767196
0 0.2652678571428571 0.42166666666666663 0.24801587301587302 0.04155423280423283
0 0.4776124338624339 0.40778025793650796 0.24801587301587302 0.04205687830687833
0 0.5436640211640213 0.717967509920635 0.49603174603174605 0.03912367724867723
0 0.25327711640211636 0.5612847222222223 0.24801587301587302 0.03313492063492057
0 0.18476190476190477 0.4407676091269841 0.24801587301587302 0.04222552910052912
0 0.4351851851851852 0.5586483134920636 0.24801587301587302 0.025436507936507962
0 0.4198578042328043 0.31712673611111114 0.24801587301587305 0.015221560846560837
0 0.372037037037037 0.4801078869047619 0.49603174603174605 0.031240079365079373
0 0.5801818783068783 0.15501612103174606 0.496031746031746 0.020195105820105835
0 0.4227910052910053 0.5394444444444444 0.24801587301587302 0.03781746031746036
0 0.5169708994708995 0.5254712301587301 0.49603174603174605 0.032619047619047575
0 0.4884160052910053 0.2704154265873016 0.24801587301587302 0.0404530423280423
0 0.2924702380952381 0.5286532738095239 0.24801587301587302 0.04049603174603176
0 0.3829265873015873 0.5696924603174603 0.24801587301587302 0.03614417989417996
0 0.1763657407407407 0.3940004960317461 0.248015873015873 0.045912698412698384
0 0.36784722222222216 0.6098549107142857 0.248015873015873 0.042840608465608526
0 0.48979166666666657 0.520858134920635 0.49603174603174605 0.0339880952380953
0 0.45355489417989425 0.4855840773809524 0.24801587301587302 0.03885251322751323
0 0.489457671957672 0.518235367063492 0.24801587301587302 0.034136904761904695
0 0.2331746031746032 0.5666815476190475 0.24801587301587302 0.022757936507936564
0 0.16976190476190475 0.45321056547619043 0.22321428571428573 0.02580357142857142
0 0.29814153439153435 0.5032266865079366 0.24801587301587302 0.020443121693121746
0 0.404646164021164 0.47146453373015873 0.24801587301587302 0.025234788359788343
0 0.21863095238095243 0.38482638888888887 0.24801587301587305 0.05093915343915343
0 0.4987466931216931 0.5780071924603174 0.7440476190476191 0.06065806878306873
0 0.40052910052910046 0.48897204646634745 0.24801587301587302 0.03758247926434331
0 0.2738260582010582 0.1790252976190476 0.24801587301587302 0.026970899470899454
