0 0.24712396694214875 0.28078515625 0.15625 0.06738842975206609
0 0.6217355371900826 0.325484375 0.46875 0.061256198347107445
0 0.6601983471074382 0.289453125 0.546875 0.07266115702479335
0 0.6431074380165288 0.30191015625 0.546875 0.05413223140495868
0 0.6438347107438016 0.292484375 0.46875 0.03276033057851239
0 0.7079173553719009 0.2771640625 0.546875 0.03917355371900825
0 0.7212396694214877 0.31300390624999996 0.546875 0.08358677685950412
0 0.1315206611570248 0.4306835937500001 0.078125 0.065900826446281
0 0.23778512396694218 0.416203125 0.15625 0.061586776859504117
0 0.653090909090909 0.250734375 0.46875 0.042743801652892585
0 0.5340826446280992 0.22583593749999994 0.390625 0.058214876033057805
0 0.6536528925619836 0.0192890625 0.46875 0.07084297520661156
0 0.3037190082644628 0.30546875 0.15625 0.08287603305785121
0 0.6246280991735539 0.06902343749999999 0.546875 0.036826446280991736
0 0.5533057851239669 0.24747265624999998 0.390625 0.06838016528925621
0 0.6177851239669422 0.2178359375 0.546875 0.06552066115702478
0 0.22157024793388427 0.454484375 0.078125 0.035272727272727324
0 0.6737685950413224 0.268515625 0.546875 0.03454545454545451
0 0.4056528925619834 0.24335546875 0.234375 0.06884297520661153
0 0.688198347107438 0.31507031249999995 0.546875 0.07484297520661153
0 0.6287272727272727 0.15586328124999999 0.546875 0.07512396694214879
0 0.6213719008264462 0.10008203125 0.546875 0.052446280991735546
0 0.26761983471074374 0.411671875 0.15625 0.060528925619834716
