0 0.44044871794871787 0.3294663461538461 0.4807692307692307 0.0871153846153846
0 0.33610256410256406 0.3348798076923077 0.38461538461538464 0.07265384615384618
0 0.4012820512820513 0.2505769230769231 0.5769230769230769 0.12182051282051283
0 0.4262435897435896 0.39449999999999996 0.5769230769230769 0.0886666666666667
0 0.26153846153846155 0.5919038461538462 0.38461538461538464 0.05956410256410261
0 0.4436153846153846 0.5597500000000001 0.5769230769230769 0.11392307692307695
0 0.45088461538461544 0.6135913461538461 0.6730769230769231 0.10698717948717955
0 0.3883461538461538 0.6563173076923077 0.5769230769230769 0.06592307692307688
0 0.36491025641025643 0.44823557692307686 0.38461538461538464 0.11308974358974357
0 0.36069230769230776 0.24284615384615385 0.38461538461538464 0.11928205128205127
0 0.5492051282051282 0.4769615384615385 0.6730769230769231 0.11682051282051283
0 0.5252564102564103 0.3992163461538462 0.7692307692307693 0.12362820512820513
0 0.48803846153846164 0.31326923076923074 0.6730769230769231 0.11335897435897438
