0 0.33607291666666667 0.25423046875 0.46875 0.03628124999999998
0 0.3963229166666667 0.360796875 0.46875 0.020750000000000015
0 0.3385625 0.38113281250000003 0.46875 0.030520833333333344
0 0.40524999999999994 0.4525429687500001 0.546875 0.03315625000000004
0 0.32060416666666663 0.27201171874999996 0.46875 0.027677083333333328
0 0.33134375000000005 0.287609375 0.46875 0.03233333333333335
0 0.4033229166666667 0.20055078125000003 0.46875 0.019718750000000007
0 0.35375 0.265984375 0.390625 0.02449999999999998
0 0.3654062500000001 0.16699609375 0.546875 0.035718749999999994
0 0.31396874999999996 0.33977734375 0.390625 0.02890625
0 0.36602083333333335 0.4523046875 0.546875 0.03306250000000001
0 0.3764270833333331 0.34271764454414505 0.46875 0.02772621878438682
0 0.53071875 0.2828828125 0.703125 0.02560416666666665
0 0.3923541666666666 0.22653906250000003 0.46875 0.02268750000000003
0 0.424625 0.427734375 0.546875 0.02595833333333329
0 0.43562500000000004 0.23450781250000002 0.546875 0.016666666666666666
0 0.4042291666666666 0.30474218749999993 0.546875 0.02091666666666665
