0 0.39176960879499406 0.4429682705133563 0.4807692307692308 0.06955234990450124
0 0.41619996429556416 0.39503354287647036 0.48076923076923084 0.043235244535230484
0 0.4744569658738468 0.4123041432750542 0.4807692307692308 0.046054934396223775
0 0.44156994885384854 0.4701077854254168 0.4807692307692308 0.06297307356218365
0 0.4951288051435601 0.3724760239885239 0.4807692307692308 0.04699483101655492
0 0.4590027423376949 0.4320419723020073 0.24038461538461542 0.05545390059953479
0 0.39928664125670793 0.35238573372894677 0.4807692307692308 0.0723720397654946
0 0.37391665669842356 0.485968540893504 0.4807692307692308 0.04511503777589263
0 0.5298950802789868 0.4676405567970477 0.4807692307692308 0.05639379721986586
0 0.49700806325898855 0.43133704983675897 0.48076923076923084 0.019737829026953098
0 0.4368718035652774 0.4024352287615777 0.4807692307692308 0.05357410735887264
0 0.3353918653321398 0.41300906574030255 0.4807692307692308 0.03853576143357505
0 0.41771324904797097 0.412223888800036 0.4807692307692308 0.02935283279845384
0 0.5079183817639704 0.44319198082870453 0.4807692307692308 0.03194099992449049
0 0.47955375877051926 0.4858109313093475 0.2403846153846154 0.04159758129701094
0 0.5740100036507328 0.41032246346454854 0.4807692307692308 0.051254162669531464
0 0.5160870091881771 0.26965207135523694 0.4807692307692308 0.04456883710394037
0 0.502645837605274 0.45389456872470535 0.4807692307692308 0.029136795230264037
0 0.3250559456972833 0.45142734009633617 0.4807692307692308 0.04135545129456834
0 0.4143207061801358 0.46059133214456444 0.4807692307692308 0.06015338370119022
0 0.4951288051435601 0.4694028629601684 0.4807692307692308 0.02725700198960182
0 0.34666741402471063 0.39150893055022873 0.4807692307692308 0.04135545129456834
0 0.4590616688815837 0.40185843975945945 0.4807692307692308 0.037057459577776106
0 0.371653436063859 0.46355910995645666 0.4807692307692308 0.04446895149333137
0 0.5405928914607968 0.4367852104950131 0.4807692307692308 0.041597581297011015
0 0.5948028734578041 0.39110215246347424 0.4807692307692308 0.06833888355937512
0 0.4975219468604348 0.32341323111186493 0.4807692307692308 0.03788351153834927
0 0.46759885970555165 0.4494286043720764 0.48076923076923084 0.025243436206670383
0 0.4759864745602537 0.3718818414624 0.4807692307692308 0.03936913944181391
0 0.4536931909403997 0.4674206482741398 0.2403846153846154 0.044640261522376115
0 0.35315539996168993 0.430716173463062 0.4807692307692308 0.05987977890884603
0 0.5502467238712228 0.38441682689788326 0.4807692307692308 0.03714069758661702
0 0.5747526061438426 0.2565599754559545 0.4807692307692308 0.051254162669531395
0 0.5035854666629881 0.4123041432750542 0.4807692307692308 0.036655968192912836
0 0.33017156286222693 0.43521015337945795 0.4807692307692308 0.031128266045331907
0 0.4641048346704986 0.2573956411516533 0.4807692307692308 0.02971255806929353
0 0.4693386619725515 0.4394436581871146 0.2403846153846154 0.03759586481324391
0 0.3786148019869947 0.409484453414061 0.4807692307692308 0.05733369384019693
0 0.4260753403682029 0.46517332816867835 0.2403846153846154 0.01814547498024425
0 0.4425095779115628 0.3284183699105037 0.4807692307692308 0.05545390059953479
0 0.49888732137441694 0.3446315866112152 0.4807692307692307 0.03477617495225062
0 0.4387510616807059 0.4228779802537791 0.4807692307692308 0.05545390059953479
