0 0.2490032679738562 0.4405238970588235 0.30637254901960786 0.02094771241830064
0 0.5504592638438187 0.48759260476136135 0.6127450980392157 0.0242065789834382
0 0.6180637254901961 0.5039132721028626 0.9191176470588235 0.05003506547691481
0 0.5122099673202615 0.46297794117647056 0.30637254901960786 0.03089052287581695
0 0.3978553921568628 0.30268841911764705 0.30637254901960786 0.05841911764705882
0 0.4569870651223992 0.4625794263324195 0.30637254901960786 0.029404478095449146
0 0.7769199346405228 0.5070082720588235 0.6127450980392157 0.017708333333333295
0 0.6215400326797385 0.49628523284313725 0.6127450980392157 0.025437091503267967
0 0.6108088235294118 0.48813112745098036 0.30637254901960786 0.029411764705882353
0 0.4024019607843138 0.4544883578431372 0.30637254901960786 0.02094771241830064
0 0.44435457516339866 0.37028952205882354 0.30637254901960786 0.04411356209150327
0 0.33149481989498913 0.45888115809549973 0.30637254901960786 0.029487531387379324
0 0.43832748474980354 0.47897548650810284 0.6127450980392157 0.03627771540952551
