0 0.49025 0.28541796875000003 0.46875 0.00912499999999999
0 0.4357222222222221 0.33395703125 0.46875 0.022069444444444426
0 0.3619583333333333 0.3775546875 0.390625 0.020611111111111077
0 0.4275000000000001 0.14978515625000002 0.390625 0.015319444444444446
0 0.47773611111111114 0.24465624999999996 0.390625 0.018527777777777744
0 0.41841666666666666 0.32914453125 0.46875 0.027597222222222228
0 0.4308333333333334 0.2275859375 0.46875 0.02155555555555553
0 0.38327777777777783 0.3658203125 0.39062500000000006 0.028944444444444408
0 0.44775000000000015 0.37191406250000003 0.390625 0.027250000000000007
0 0.4763472222222221 0.33955078125 0.390625 0.010736111111111137
0 0.419361111111111 0.21476562500000002 0.46875 0.010916666666666686
0 0.38316666666666666 0.2587890625 0.390625 0.02763888888888886
0 0.43652777777777774 0.32455078125 0.39062499999999994 0.01345833333333333
0 0.47348611111111105 0.26866406249999997 0.46875 0.018277777777777813
0 0.42540277777777774 0.2781796875 0.46875 0.01161111111111113
0 0.4421805555555556 0.19253515625 0.390625 0.01751388888888891
0 0.43970833333333337 0.307421875 0.390625 0.013611111111111128
0 0.46349999999999986 0.22730859375000004 0.390625 0.019736111111111083
0 0.49274999999999997 0.23180859374999999 0.46875 0.025541666666666647
0 0.5134305555555555 0.37264453125 0.46875 0.03065277777777777
0 0.41756944444444444 0.21752734374999996 0.390625 0.026152777777777754
0 0.43702777777777774 0.25630468749999996 0.390625 0.025305555555555515
0 0.45845833333333336 0.25269140625 0.46875 0.024597222222222194
0 0.452513888888889 0.31351171875 0.39062499999999994 0.008652777777777803
0 0.43293055555555543 0.3026171875 0.390625 0.011972222222222228
0 0.5252499999999999 0.2636796875 0.46875 0.026472222222222227
0 0.45529166666666676 0.25991796875 0.46875 0.010763888888888889
0 0.3956944444444444 0.1731015625 0.390625 0.029027777777777784
0 0.4711527777777778 0.26701171874999996 0.390625 0.019736111111111083
0 0.4068472222222223 0.31048046874999996 0.39062499999999994 0.009819444444444434
0 0.5097361111111111 0.248546875 0.46875 0.01980555555555554
0 0.4178055555555555 0.25925390625 0.39062500000000006 0.01715277777777781
0 0.44422222222222224 0.22534765625000003 0.390625 0.021597222222222236
0 0.438111111111111 0.31451171875000006 0.46875 0.01001388888888886
0 0.38425 0.2936875 0.39062499999999994 0.02933333333333334
0 0.5021666666666668 0.2541875 0.46875 0.018555555555555575
0 0.45636111111111116 0.38654296875000005 0.46875 0.016125000000000018
0 0.40118055555555543 0.36600390625 0.390625 0.02606944444444442
0 0.42076388888888894 0.181390625 0.46875 0.021361111111111105
0 0.4584444444444445 0.1946796875 0.39062500000000006 0.0256388888888889
