0 0.5024711538461538 0.3919891826923077 0.4807692307692308 0.019432692307692342
0 0.258948717948718 0.33349879807692306 0.2403846153846154 0.03267628205128206
0 0.44365064102564106 0.4268930288461538 0.4807692307692308 0.022721153846153877
0 0.22694871794871793 0.3449939903846154 0.24038461538461536 0.02290705128205129
0 0.44332371794871783 0.4575793269230769 0.4807692307692308 0.01858974358974359
0 0.33742307692307694 0.4366658653846154 0.2403846153846154 0.01858974358974359
0 0.45331730769230766 0.32743629807692315 0.24038461538461536 0.03941346153846155
0 0.35832051282051286 0.29686538461538464 0.2403846153846154 0.04278205128205129
0 0.375448717948718 0.42667307692307693 0.4807692307692308 0.0246153846153846
0 0.5007820512820513 0.4148028846153846 0.4807692307692308 0.0312628205128205
0 0.5152532051282052 0.5437415865384616 0.4807692307692308 0.04411858974358977
0 0.5309871794871794 0.5324098557692307 0.7211538461538461 0.026798076923076963
0 0.6179455128205129 0.5478701923076924 0.4807692307692308 0.01391025641025644
0 0.21886217948717945 0.35775240384615387 0.24038461538461536 0.03873717948717945
0 0.4103717948717949 0.36378846153846156 0.4807692307692308 0.02366025641025639
0 0.5665897435897437 0.5431394230769231 0.48076923076923084 0.0288782051282051
0 0.20793910256410256 0.6218365384615385 0.2403846153846154 0.04940384615384611
0 0.07130448717948717 0.5236382211538462 0.09615384615384616 0.03762499999999996
0 0.5303557692307692 0.41987259615384614 0.4807692307692308 0.03971153846153849
0 0.5828846153846153 0.4935240384615385 0.4807692307692308 0.03378846153846156
0 0.5822339743589744 0.5252403846153846 0.4807692307692308 0.038102564102564136
0 0.5922083333333333 0.5597271634615385 0.4807692307692308 0.01687500000000003
0 0.5228301282051282 0.5581899038461537 0.7211538461538461 0.023301282051281992
0 0.46416346153846155 0.44838942307692314 0.2403846153846154 0.04140384615384617
0 0.5356955128205128 0.5717331730769231 0.4807692307692308 0.03961538461538459
0 0.3935512820512819 0.5361262019230769 0.4807692307692308 0.042528846153846174
0 0.46834294871794874 0.36502403846153847 0.4807692307692308 0.024320512820512855
0 0.411198717948718 0.39304687499999996 0.4807692307692308 0.03926602564102564
0 0.49783012820512823 0.524109375 0.4807692307692308 0.05009935897435896
0 0.39066025641025637 0.38983894230769234 0.24038461538461536 0.029307692307692326
0 0.4590961538461539 0.4556778846153846 0.24038461538461542 0.0354871794871795
0 0.38539423076923074 0.4557307692307692 0.4807692307692307 0.02854487179487178
0 0.5813365384615387 0.46740144230769226 0.7211538461538461 0.022814102564102583
0 0.339698717948718 0.356453125 0.48076923076923084 0.024907051282051295
0 0.4303878205128205 0.5896875 0.2403846153846154 0.038262820512820546
0 0.35798397435897433 0.44617187499999994 0.4807692307692307 0.025349358974358947
0 0.3599198717948717 0.4212884615384615 0.4807692307692307 0.021391025641025643
0 0.3694391025641026 0.3361514423076923 0.24038461538461542 0.041769230769230746
0 0.38333333333333336 0.5136634615384615 0.4807692307692308 0.03971153846153849
0 0.38687820512820525 0.4067824519230769 0.4807692307692308 0.03135576923076921
0 0.5644564938910295 0.32250009428369175 0.4807692307692308 0.048644230769230766
0 0.48754807692307695 0.43349759615384614 0.7211538461538461 0.03717948717948718
0 0.41087179487179487 0.4010829326923077 0.24038461538461542 0.0437916666666667
0 0.38965064102564106 0.3726598557692308 0.2403846153846154 0.03402243589743593
0 0.34643910256410254 0.39139903846153845 0.4807692307692307 0.03780128205128207
0 0.3630544871794872 0.5469326923076923 0.4807692307692308 0.03717948717948718
0 0.5042371794871796 0.4434951923076923 0.4807692307692308 0.02854487179487178
0 0.3762884615384615 0.5203161057692307 0.2403846153846154 0.052387820512820454
0 0.43141987179487185 0.3286995192307692 0.2403846153846154 0.0245897435897436
0 0.4948653846153846 0.49084855769230773 0.4807692307692308 0.03633333333333338
0 0.3722275641025641 0.3494206730769231 0.4807692307692308 0.04190384615384616
0 0.512051282051282 0.48514423076923074 0.7211538461538461 0.026192307692307702
0 0.3795673076923077 0.546391826923077 0.4807692307692308 0.019807692307692366
0 0.45853525641025644 0.47120432692307695 0.4807692307692308 0.012673076923076912
0 0.3453108974358974 0.5681622596153846 0.4807692307692308 0.03802243589743593
0 0.417977564102564 0.49686899038461535 0.4807692307692308 0.03379807692307687
0 0.3463621794871795 0.4762668269230769 0.4807692307692308 0.044858974358974374
0 0.5858461538461539 0.3301911057692307 0.4807692307692308 0.03750961538461538
0 0.41510576923076914 0.5612487980769231 0.4807692307692308 0.026798076923076963
0 0.5413429487179487 0.4705697115384615 0.4807692307692308 0.0312628205128205
0 0.5323301282051283 0.5006730769230769 0.7211538461538461 0.037179487179487256
0 0.37752243589743584 0.35914182692307695 0.24038461538461536 0.035032051282051266
0 0.5438525641025641 0.5940180288461538 0.4807692307692308 0.016310897435897396
0 0.5658461538461539 0.4468052884615385 0.4807692307692308 0.021967948717948705
