0 0.09605437665782494 0.6855617559523808 0.12400793650793653 0.04973806366047737
0 0.1897214854111406 0.7016245039682539 0.24801587301587302 0.06334880636604773
0 0.4080968169761274 0.18571800595238094 0.24801587301587302 0.05695954907161802
0 0.3572480106100796 0.4643936011904762 0.49603174603174605 0.047025862068965495
0 0.5171750663129974 0.3038764880952381 0.4960317460317461 0.05364721485411139
0 0.33936339522546416 0.356391369047619 0.49603174603174605 0.07616710875331566
0 0.2812831564986737 0.33062872023809525 0.248015873015873 0.07749005305039788
0 0.4688262599469496 0.41336681547619053 0.49603174603174605 0.03642904509283824
0 0.43988395225464194 0.192156498015873 0.24801587301587302 0.0781531830238727
0 0.4429940318302386 0.5248350694444444 0.49603174603174605 0.07749005305039781
0 0.46209549071618033 0.3707589285714286 0.24801587301587302 0.037751989389920394
0 0.2587632625994695 0.4069246031746031 0.24801587301587302 0.06027188328912466
0 0.4310742705570291 0.24392981150793652 0.49603174603174605 0.0523242705570292
0 0.34135278514588857 0.4386321924603175 0.49603174603174605 0.04569960212201589
0 0.3852685676392573 0.3036284722222222 0.24801587301587302 0.08080238726790452
0 0.3938793103448276 0.4403658234126984 0.24801587301587302 0.04503647214854109
0 0.5251226790450928 0.324437003968254 0.49603174603174605 0.04371352785145886
0 0.3680470822281167 0.34871279761904755 0.24801587301587302 0.04371352785145886
0 0.4170590185676392 0.36208953373015873 0.248015873015873 0.07418103448275863
0 0.49455238726790457 0.25680927579365076 0.24801587301587302 0.08278846153846152
0 0.24559018567639251 0.7284399801587301 0.24801587301587302 0.05234084880636609
0 0.38440318302387255 0.4089050099206349 0.49603174603174605 0.07219164456233422
0 0.4469661803713527 0.29074652777777776 0.49603174603174605 0.05431034482758619
0 0.3645324933687002 0.4383854166666667 0.496031746031746 0.06623342175066313
0 0.12795424403183023 0.707983630952381 0.1736111111111111 0.07035145888594159
0 0.5993003978779842 0.2897569444444445 0.49603174603174605 0.06093501326259946
0 0.32162135278514586 0.7106014384920636 0.24801587301587302 0.08794098143236075
0 0.3747745358090185 0.1911656746031746 0.49603174603174605 0.07550397877984086
0 0.316386675638382 0.3933005422308135 0.24801587301587302 0.047685676392572846
0 0.18356432360742708 0.7350210813492064 0.24801587301587305 0.03474469496021219
0 0.3774237400530504 0.5243415178571429 0.49603174603174605 0.09603779840848801
0 0.15215185676392573 0.29520709325396827 0.22321428571428573 0.07285477453580902
0 0.510550397877984 0.4596862599206349 0.49603174603174605 0.08875000000000002
0 0.15336206896551724 0.7144915674603174 0.1984126984126984 0.08586206896551725
0 0.17630968169761274 0.7049429563492063 0.22321428571428573 0.07205570291777194
0 0.4347586828373439 0.4482916686010132 0.49603174603174605 0.07815119880589194
0 0.45216180371352777 0.4081622023809524 0.24801587301587302 0.04238726790450926
0 0.5092241379310345 0.26523313492063494 0.49603174603174605 0.05497347480106099
0 0.4059051724137931 0.6598400297619048 0.49603174603174605 0.07285477453580902
0 0.4181797082228117 0.47901041666666666 0.49603174603174605 0.07153183023872679
