0 0.10925 0.7128012820512822 0.2564102564102564 0.021701923076923126
0 0.1389423076923077 0.6564551282051283 0.2564102564102564 0.022836538461538516
0 0.14259615384615382 0.860275641025641 0.2564102564102564 0.020240384615384573
0 0.11496153846153846 0.6808141025641026 0.2564102564102564 0.017124999999999946
0 0.13500961538461542 0.5801025641025641 0.1282051282051282 0.009076923076923074
0 0.11188461538461537 0.5245961538461538 0.2564102564102564 0.010663461538461514
0 0.13963461538461538 0.5513525641025641 0.1282051282051282 0.025490384615384606
0 0.14018745642511843 0.1898269230769231 0.1282051282051282 0.02831730769230768
0 0.10381730769230772 0.4535769230769231 0.2564102564102564 0.019230769230769232
0 0.15008653846153844 0.5063397435897435 0.2564102564102564 0.02729807692307691
0 0.14355769230769233 0.46327564102564106 0.2564102564102564 0.013067307692307668
0 0.11451923076923076 0.4686282051282051 0.2564102564102564 0.017346153846153865
0 0.1595 1.035897435897436 0.2564102564102564 0.020615384615384667
0 0.11599999999999999 0.7211410256410257 0.2564102564102564 0.019884615384615337
0 0.13058653846153848 0.6070192307692308 0.1282051282051282 0.02770192307692308
0 0.12390384615384614 0.5495384615384615 0.1282051282051282 0.03578846153846157
0 0.12227884615384614 0.3603076923076923 0.1282051282051282 0.01721153846153844
0 0.14227884615384614 0.5084038461538462 0.1282051282051282 0.02177884615384613
0 0.12180769230769231 0.741724358974359 0.2564102564102564 0.02283653846153846
0 0.17312455878425903 0.5151124190610696 0.2564102564102564 0.03199555166852756
0 0.20764423076923086 0.25537820512820514 0.5128205128205128 0.013721153846153883
0 0.09941346153846152 0.5345769230769231 0.2564102564102564 0.016557692307692332
0 0.11138461538461536 0.24807051282051282 0.2564102564102564 0.025817307692307688
0 0.11150961538461544 0.8059771325063103 0.2564102564102564 0.03794646799023509
0 0.1328269230769231 0.6364358974358973 0.1282051282051282 0.025038461538461558
0 0.12434615384615387 0.5028141025641026 0.1282051282051282 0.02745192307692309
0 0.22503846153846155 0.7878589743589743 0.38461538461538464 0.024115384615384653
0 0.2848557692307692 0.5676282051282051 0.5128205128205128 0.02546153846153848
0 0.15004807692307692 0.9846410256410256 0.2564102564102564 0.027057692307692293
0 0.09637499999999999 0.6426410256410257 0.2564102564102564 0.02809615384615387
0 0.11139423076923076 0.4321538461538462 0.2564102564102564 0.016615384615384643
0 0.10142411557891946 0.2966480830987333 0.2564102564102564 0.03218524226962688
0 0.14383926509396425 0.9263234782940518 0.2564102564102564 0.03388329850338891
0 0.15173409370100047 1.2165736591251815 0.2564102564102564 0.02600973041680047
0 0.16679807425723178 0.9496653061519419 0.2564102564102564 0.011670913928945044
0 0.12267711630575671 0.6032070038898243 0.1282051282051282 0.025439539837534778
