0 0.39547756410256407 0.4249002403846154 0.2403846153846154 0.04183653846153845
0 0.3372532051282051 0.4824123790162159 0.4807692307692308 0.029843267120165762
0 0.3146378205128205 0.3705829326923077 0.2403846153846154 0.03522115384615388
0 0.37510897435897433 0.428078125 0.24038461538461536 0.04037500000000001
0 0.36251602564102553 0.4683569711538462 0.4807692307692308 0.017599358974359002
0 0.40366346153846155 0.3645276442307692 0.24038461538461542 0.032580128205128234
0 0.2797948717948717 0.4106057692307692 0.2403846153846154 0.034564102564102535
0 0.4692692307692308 0.5459278846153846 0.2403846153846154 0.03917948717948711
0 0.22778846153846147 0.39063221153846156 0.2403846153846154 0.02792307692307696
0 0.24142628205128205 0.40359495192307693 0.2403846153846154 0.024689102564102554
0 0.3904903846153846 0.44830889423076925 0.24038461538461536 0.040509615384615415
0 0.2864583333333333 0.52003125 0.2403846153846154 0.016602564102564162
0 0.48056089743589747 0.44382692307692306 0.2403846153846154 0.03253846153846153
0 0.42173397435897436 0.483796875 0.2403846153846154 0.025567307692307688
0 0.37169871794871795 0.4467752403846154 0.2403846153846154 0.01483653846153845
0 0.22114102564102564 0.4178990384615385 0.2403846153846154 0.020262820512820523
0 0.3509391025641025 0.46038701923076925 0.2403846153846154 0.02158333333333331
0 0.3978044871794872 0.4826754807692307 0.24038461538461542 0.029884615384615315
0 0.4940416666666666 0.3921658653846154 0.4807692307692308 0.03701923076923077
0 0.23631089743589742 0.41534374999999996 0.2403846153846154 0.029115384615384588
0 0.45729487179487177 0.4796875 0.2403846153846154 0.027891025641025635
0 0.37401522137025883 0.49208327929229567 0.2403846153846154 0.02590942224212715
