0 0.35120192307692305 0.459775641025641 0.32051282051282054 0.026682692307692307
0 0.12259615384615384 0.5586538461538462 0.32051282051282054 0.041346153846153845
0 0.08052884615384616 0.5732371794871794 0.19230769230769232 0.026682692307692307
0 0.21129807692307692 0.5362179487179487 0.32051282051282054 0.03173076923076923
0 0.3266826923076923 0.4288461538461538 0.32051282051282054 0.040865384615384616
0 0.3372596153846154 0.509775641025641 0.32051282051282054 0.03341346153846154
0 0.04038461538461539 0.6950320512820513 0.0641025641025641 0.03918269230769231
0 0.15072115384615384 0.32548076923076924 0.32051282051282054 0.04591346153846154
0 0.1372596153846154 0.4217948717948718 0.32051282051282054 0.03317307692307692
0 0.10673076923076923 0.49166666666666664 0.22435897435897437 0.020192307692307693
