0 0.4255320512820513 0.5258401442307692 0.24038461538461542 0.0616634615384615
0 0.6110737179487179 0.5429002403846154 0.4807692307692308 0.04924038461538465
0 0.22402564102564104 0.3245132211538461 0.2403846153846154 0.05050320512820511
0 0.4800416666666667 0.40383293269230774 0.2403846153846154 0.057233974358974336
0 0.517775641025641 0.4675805288461539 0.4807692307692308 0.05960576923076924
0 0.34112179487179484 0.46831009615384617 0.2403846153846154 0.07062179487179492
0 0.3188301282051282 0.7063497596153846 0.2403846153846154 0.0499839743589743
0 0.4296217948717948 0.4512295673076923 0.2403846153846154 0.028958333333333305
0 0.3829455128205128 0.4007668269230769 0.2403846153846154 0.0715448717948718
0 0.5760865384615386 0.4824002403846154 0.4807692307692308 0.05895833333333327
0 0.2792791914495311 0.6243941972890263 0.24038461538461542 0.043517367935022574
0 0.37549231546168704 0.6633888183702501 0.2403846153846154 0.031429210175294216
0 0.27068108847066874 0.6018296361375332 0.2403846153846154 0.02954883007933634
0 0.3362416236844943 0.5572041870745355 0.2403846153846154 0.04700950239894417
0 0.213288063238524 0.4917237066949864 0.2403846153846154 0.06285082146599472
