0 0.12332031250000001 0.9361303630363037 0.49504950495049505 0.018851562499999995
0 0.1336328125 0.8099752475247525 0.33003300330033003 0.01835156250000001
0 0.1181015625 1.1999917491749175 0.33003300330033003 0.01589843750000002
0 0.024031250000000004 1.3926072607260727 0.09900990099009901 0.009250000000000026
0 0.055984374999999996 1.367904290429043 0.16501650165016502 0.012375000000000025
0 0.14209375 0.85236798679868 0.49504950495049505 0.016070312500000038
0 0.0998984375 1.244480198019802 0.33003300330033003 0.02622656250000004
0 0.059296875000000006 0.9706435643564357 0.16501650165016502 0.011671875000000043
0 0.1363203125 0.9358168316831683 0.49504950495049505 0.02433593749999998
0 0.026890625 1.373622112211221 0.09900990099009901 0.014773437499999976
0 0.18648437499999998 1.0865511551155116 0.49504950495049505 0.019937499999999986
0 0.12990624999999997 1.2416419141914192 0.33003300330033 0.02321093750000003
0 0.08492187500000001 0.9149587458745874 0.16501650165016502 0.020210937500000005
0 0.0838828125 1.3150577557755776 0.16501650165016502 0.024382812500000028
0 0.13743750000000002 1.1288283828382837 0.49504950495049505 0.019843749999999983
0 0.15350000000000003 1.2234983498349836 0.49504950495049505 0.008124999999999983
0 0.0595234375 1.0648267326732674 0.16501650165016502 0.022148437500000017
0 0.1907890625 1.1704290429042903 0.49504950495049505 0.021890624999999986
0 0.1688671875 1.238201320132013 0.6600660066006601 0.016281250000000025
0 0.027578125 1.1613201320132014 0.11551155115511551 0.02109375
0 0.11564843749999998 1.0766666666666667 0.16501650165016502 0.012078125000000028
0 0.11274999999999999 0.9144471947194719 0.33003300330033003 0.024179687500000036
0 0.10979687499999999 1.1778960396039606 0.33003300330033003 0.02025781249999996
0 0.10565625000000001 1.0015924092409239 0.33003300330033003 0.02117968750000001
0 0.13958593749999998 1.088589108910891 0.33003300330033003 0.022945312500000002
0 0.18028906249999999 1.0932838283828383 0.6600660066006601 0.010515625000000028
0 0.169953125 1.0081683168316833 0.49504950495049505 0.01960937500000002
0 0.015945312499999996 1.3391336633663369 0.04986798679867986 0.011195312500000032
0 0.023554687499999998 1.3542986798679866 0.08250825082508251 0.009492187499999982
0 0.09810937500000001 0.9751072607260726 0.33003300330033003 0.01703906249999996
0 0.026945312499999995 1.3347194719471949 0.099009900990099 0.009734375000000028
0 0.0676015625 1.2889603960396039 0.16501650165016502 0.013421874999999962
0 0.1053046875 1.3209158415841582 0.165016501650165 0.015554687499999975
0 0.150875 0.8368316831683168 0.33003300330033003 0.015156250000000027
0 0.129234375 0.7946287128712871 0.49504950495049505 0.02217968749999999
0 0.22952343749999998 1.0439521452145215 0.825082508250825 0.013429687500000042
0 0.163765625 0.7956023102310231 0.49504950495049505 0.0256328125
0 0.0907578125 1.261179867986799 0.16501650165016502 0.023945312499999982
0 0.15978906250000002 0.8995709570957093 0.6600660066006601 0.008921874999999968
0 0.18634374999999997 0.8713696369636963 0.49504950495049505 0.012234374999999974
0 0.13844531249999997 0.9039603960396039 0.33003300330033003 0.017765625000000007
0 0.09050781249999999 1.1918894389438945 0.16501650165016502 0.01830468749999996
0 0.08809375 1.1781848184818482 0.33003300330033003 0.008359375000000035
0 0.2057578125 1.2293729372937294 0.6600660066006601 0.016171875000000037
0 0.21307031249999997 1.0882178217821783 0.6600660066006601 0.013734375000000031
0 0.15165625 0.9996204620462046 0.49504950495049505 0.026374999999999992
0 0.044656249999999995 1.2811881188118812 0.16501650165016502 0.02301562500000003
0 0.16434375 1.104678217821782 0.49504950495049505 0.017257812500000025
0 0.15514062500000003 1.2806600660066008 0.33003300330033003 0.021468750000000016
0 0.06326562500000002 1.186427392739274 0.16501650165016502 0.010976562499999964
0 0.18073437499999997 1.151740924092409 0.6600660066006601 0.010054687500000003
0 0.06992968749999999 1.1751897689768975 0.16501650165016502 0.012085937500000022
0 0.10989843749999999 1.3175247524752476 0.33003300330033003 0.01967187499999996
0 0.19776562500000003 1.056782178217822 0.8250825082508251 0.017906249999999967
0 0.12728124999999996 0.9449257425742574 0.49504950495049505 0.024007812500000014
0 0.1568984375 1.0446287128712872 0.6600660066006601 0.011085937500000042
0 0.126265625 0.8779620462046206 0.49504950495049505 0.022164062500000005
0 0.18856249999999997 1.120016501650165 0.6600660066006601 0.015062499999999979
0 0.1336796875 1.053696369636964 0.49504950495049505 0.014609375000000036
0 0.073875 0.9358745874587459 0.16501650165016502 0.025421874999999972
0 0.1586015625 0.8458085808580857 0.49504950495049505 0.021531249999999957
0 0.17620312500000002 0.8368976897689768 0.49504950495049505 0.01834374999999997
0 0.1553515625 1.0533910891089109 0.3300330033003301 0.011226562500000004
0 0.08336718750000001 1.208976897689769 0.33003300330033003 0.011875000000000035
0 0.18524218750000002 0.9579702970297029 0.6600660066006601 0.024515624999999996
0 0.0413203125 1.0995957095709572 0.1485148514851485 0.022085937499999986
0 0.067140625 1.3316336633663366 0.16501650165016502 0.02335937499999998
0 0.17585156250000003 0.9066254125412541 0.49504950495049505 0.021101562499999994
0 0.1558046875 0.8069636963696369 0.33003300330033003 0.009734374999999984
0 0.1627265625 1.0772772277227722 0.6600660066006601 0.02170312499999998
0 0.215234375 0.9782178217821781 0.6600660066006601 0.024515624999999996
0 0.09495312500000001 1.0378382838283828 0.33003300330033003 0.011687500000000028
0 0.0850546875 1.1446864686468645 0.16501650165016502 0.020124999999999994
0 0.027664062499999996 1.2357838283828382 0.11551155115511551 0.01752343749999996
0 0.16217968750000003 0.8827227722772278 0.49504950495049505 0.017093749999999998
0 0.11442187499999998 1.2410973597359736 0.33003300330033003 0.02146093750000002
0 0.1055625 1.113490099009901 0.33003300330033003 0.009929687500000029
0 0.1346875 1.1037376237623762 0.49504950495049505 0.013273437500000007
0 0.03925000000000001 1.2393894389438942 0.16501650165016502 0.013421874999999962
0 0.17853125000000003 1.1645214521452145 0.49504950495049505 0.012828124999999968
0 0.19092968750000003 1.1289191419141915 0.49504950495049505 0.01905468749999999
0 0.16396875 0.8659158415841582 0.49504950495049505 0.018289062499999974
0 0.100171875 0.9591584158415841 0.16501650165016502 0.018984374999999963
0 0.0600078125 0.9984983498349833 0.16501650165016502 0.01339062499999999
0 0.1729921875 1.0261056105610562 0.6600660066006601 0.011296875000000029
0 0.1152734375 0.8393316831683169 0.33003300330033003 0.016570312500000028
0 0.1438984375 0.8786716171617162 0.49504950495049505 0.019695312500000027
0 0.09743750000000002 1.1709158415841583 0.33003300330033003 0.020164062499999958
0 0.11849218750000001 1.1651815181518153 0.49504950495049505 0.009171875000000006
0 0.0978203125 1.3500907590759075 0.33003300330033003 0.010429687500000017
0 0.18865624999999997 1.05003300330033 0.6600660066006601 0.014921875000000018
0 0.09241406249999999 1.1438448844884488 0.33003300330033003 0.010734375000000008
0 0.19749218749999997 1.0097442244224422 0.8250825082508251 0.02238281249999998
0 0.16592968749999998 0.9414438943894389 0.6600660066006601 0.015664062499999964
0 0.07169531250000001 1.0152145214521453 0.16501650165016502 0.024343749999999977
