0 0.10653125 0.6289083333333334 0.16666666666666666 0.03462499999999999
0 0.31629375000000004 0.49711666666666665 0.8333333333333334 0.016387500000000017
0 0.19055624999999998 0.402175 0.5 0.03361249999999998
0 0.3373375 0.37955 0.75 0.026487499999999997
0 0.14462500000000003 0.4524916666666667 0.3333333333333333 0.014500000000000028
0 0.29075624999999994 0.5299291666666667 0.6666666666666666 0.035406249999999986
0 0.1421875 0.5851208333333333 0.25 0.04395625000000002
0 0.14150624999999997 0.8229541666666668 0.25 0.03800625000000004
0 0.2139 0.6312125000000001 0.4166666666666667 0.02423124999999999
0 0.18928125 0.7164166666666667 0.4166666666666667 0.03369999999999997
0 0.27316875 0.440375 0.5833333333333334 0.02486250000000002
0 0.1838125 0.5941958333333334 0.3333333333333333 0.03769375000000004
0 0.10100624999999998 0.44195 0.25 0.04323750000000004
0 0.10505624999999999 0.6661958333333333 0.16666666666666663 0.04261874999999996
0 0.07289999999999998 0.6888105157763144 0.16666666666666666 0.05025624999999991
0 0.18780000000000002 0.4672958333333334 0.4166666666666667 0.04100625000000001
0 0.16967500000000002 0.47938333333333333 0.4166666666666667 0.027475000000000024
0 0.1637375 0.4435916666666666 0.3333333333333333 0.026562499999999965
0 0.13496249999999999 0.42285416666666664 0.3333333333333333 0.03029374999999998
0 0.12235000000000003 0.4837041666666666 0.25 0.014293750000000003
0 0.4038250000000001 0.3816041666666667 0.8333333333333334 0.04006875000000001
0 0.32996875000000003 0.4308416666666667 0.75 0.042537499999999964
0 0.2271875 0.5223375 0.5833333333333334 0.03663125000000001
0 0.31478125 0.4319666666666666 0.8333333333333334 0.032774999999999964
0 0.09194375 0.43179166666666663 0.16666666666666666 0.03557500000000001
0 0.13386875 0.6469333333333332 0.25 0.0357
0 0.175725 0.3763625 0.41666666666666663 0.051018749999999995
0 0.220925 0.5902541666666666 0.5833333333333334 0.029993750000000007
0 0.21801250000000003 0.493125 0.41666666666666674 0.05123750000000001
0 0.25124375 0.5194666666666666 0.6666666666666666 0.040462500000000005
0 0.274990426947676 0.874396964500934 0.5833333333333334 0.03557044675140112
0 0.31356874999999995 0.5211875 0.8333333333333334 0.027006250000000023
0 0.13449999999999998 0.4120333333333333 0.25 0.018287499999999995
0 0.17346250000000002 0.3458041666666667 0.3333333333333333 0.015568750000000015
0 0.17660624999999996 0.6034041666666667 0.41666666666666674 0.04110624999999999
0 0.1751125 0.7298291666666668 0.3333333333333333 0.015093749999999986
0 0.19804375 0.4658291666666667 0.5 0.040018749999999985
0 0.23934999999999995 0.6364791666666666 0.5833333333333334 0.03511874999999996
0 0.12726874999999999 0.39105 0.25 0.035725000000000014
0 0.19620000000000004 0.41989583333333336 0.4166666666666667 0.015168749999999988
0 0.17174999999999996 0.709625 0.3333333333333333 0.014874999999999972
0 0.10813125 0.399975 0.16666666666666666 0.03170000000000002
0 0.15358125 0.43682499999999996 0.25 0.03327499999999997
0 0.15725 0.3901875 0.3333333333333333 0.043806249999999984
0 0.11705000000000002 0.542175 0.16666666666666666 0.043074999999999974
0 0.19790624999999998 0.3310833333333333 0.5 0.049574999999999994
0 0.24479375000000003 0.32683750000000006 0.5833333333333334 0.02998125000000002
0 0.18406875 0.6958666666666666 0.3333333333333333 0.015037499999999966
0 0.24218293372700117 0.6415229652630131 0.5 0.03131309103144382
0 0.17778946823664427 0.5233276221680705 0.4166666666666667 0.04602489644556648
0 0.16856947131854372 0.41363213671889054 0.3333333333333333 0.03318695907103489
0 0.18200331039563677 0.7586679238705083 0.3333333333333333 0.03400136297461849
0 0.3670355132621161 0.8543411109727302 0.8333333333333334 0.028800803727880648
0 0.3358074424243716 1.0088238534085516 0.75 0.030118487558568035
0 0.16369973214376302 0.4356821255875182 0.4166666666666667 0.0202597630286704
0 0.19408072559403827 0.4386183231279052 0.41666666666666674 0.01321288893174156
0 0.21889468974200568 0.6195615680848907 0.5833333333333334 0.022987066826551227
0 0.3753157395177206 0.7988728963857006 0.8333333333333334 0.024728173936657428
0 0.3598844087686393 1.0272714270381744 0.8333333333333333 0.03068320920029109
0 0.21411178501258418 0.4034262015609192 0.5 0.05665928602306163
0 0.3760684873591393 0.7776644613965424 0.8333333333333334 0.035012741786835236
0 0.3649495649012101 0.8283639154534651 0.8333333333333334 0.0192005358185871
0 0.29479364964818516 1.2359674470794175 0.6666666666666666 0.02334182785789011
0 0.23892585172086292 0.6216129073817485 0.5 0.01122203262398564
0 0.3835890961791844 0.595523781030923 0.8333333333333335 0.03551922478693584
0 0.37663304824020327 0.7290984002083517 0.8333333333333334 0.03670690671200468
0 0.3664709523810521 0.8968834746492074 0.8333333333333334 0.026730157708229
0 0.34464126497991243 1.2829020901915196 0.8333333333333333 0.03576570397579942
0 0.395379723883168 0.5172921987276233 0.8333333333333334 0.01977278708219984
