0 0.1253984375 0.8798888888888888 0.2777777777777778 0.05221875000000002
0 0.29105468749999996 0.4887152777777778 0.8333333333333334 0.013757812500000011
0 0.17089062500000002 1.0510555555555556 0.4166666666666667 0.02937500000000002
0 0.22615625 0.8052569444444445 0.5555555555555556 0.03233593749999999
0 0.27034375000000005 0.931138888888889 0.8333333333333334 0.04468750000000003
0 0.1144296875 0.8492986111111112 0.2777777777777778 0.017210937499999978
0 0.15339062499999997 0.8416527777777778 0.4166666666666667 0.024624999999999987
0 0.18363281250000002 0.7680763888888891 0.4166666666666667 0.0385703125
0 0.25092187500000007 0.49720833333333336 0.8333333333333334 0.029046875000000007
0 0.2188437500000001 0.7393144847405443 0.6944444444444444 0.04657938842034759
0 0.1198671875 1.0109652777777778 0.4166666666666667 0.0620078125
0 0.1034453125 0.8851736111111111 0.2777777777777778 0.012460937500000036
0 0.14654687500000002 0.7559444444444444 0.4166666666666667 0.025515624999999976
0 0.19907812500000005 1.0100972222222222 0.5555555555555556 0.024593750000000015
0 0.17238281249999998 0.9139166666666666 0.4166666666666667 0.046578125000000005
0 0.1316328125 0.9379097222222224 0.2777777777777778 0.04035156249999998
0 0.3078046875 0.18777777777777777 0.8333333333333334 0.011453124999999998
