0 0.46352555986415706 0.44952236711889526 0.24801587301587302 0.03134343482126814
0 0.46063651670653205 0.42890967932398133 0.24801587301587302 0.015938322070726207
0 0.4451506724523045 0.465542052340566 0.24801587301587302 0.02350369665742492
0 0.35577229324878284 0.3917098215220697 0.24801587301587302 0.04237632387835449
0 0.3720651010389144 0.43477045924153873 0.496031746031746 0.02724004135724115
0 0.4992715130534554 0.39715061829483145 0.49603174603174605 0.01738726044079222
0 0.28625322696615896 0.34878809848761705 0.24801587301587302 0.025791102987175137
0 0.3032448760935705 0.3716861387150998 0.24801587301587302 0.01811172962582519
0 0.3900322319260148 0.32955158443458865 0.24801587301587302 0.024052376943095893
0 0.2915324709083998 0.2894499151408368 0.24801587301587302 0.02810940437928077
0 0.3857466208452972 0.2937366074577566 0.24801587301587302 0.04186328038513599
0 0.42838296184956004 0.24844833731195998 0.24801587301587305 0.02101865664366387
0 0.42685268394960507 0.30353215526858324 0.248015873015873 0.018796208489306004
0 0.45084583026785674 0.29665530067853196 0.24801587301587302 0.032271200491977646
0 0.33984939997551183 0.37599743934478186 0.24801587301587302 0.030507264757184915
0 0.4765810983222158 0.49713700162261076 0.24801587301587302 0.03701995654013053
0 0.35056158613523 0.4268732502672706 0.24801587301587302 0.018685509220371408
0 0.4511151318194743 0.34014609304467625 0.24801587301587302 0.021626970026675046
0 0.4337775889175507 0.3669111975633379 0.248015873015873 0.04042049354550736
0 0.4024224016160509 0.442805880614546 0.24801587301587302 0.029832932010361614
0 0.4807115550366362 0.416813387035668 0.24801587301587302 0.034240069693710504
0 0.5102803098730713 0.3888051357661318 0.496031746031746 0.022313650899016647
0 0.34188651901192574 0.40672648961730334 0.49603174603174605 0.05280103515666608
0 0.35791878649800113 0.3304772434390942 0.49603174603174605 0.019067040473240496
0 0.35276138818007413 0.3733813993378759 0.49603174603174605 0.04704159091571295
0 0.48891518212395035 0.34498599785983164 0.24801587301587302 0.0484009488936106
0 0.44886618668216993 0.3144586937149458 0.24801587301587302 0.04208028778551327
0 0.415463565033515 0.26798097814876964 0.24801587301587302 0.019073802305653705
0 0.41369563259075587 0.28531711164084134 0.24801587301587302 0.0339010591026836
0 0.34044250757223343 0.31051404914217495 0.49603174603174605 0.01747999249647652
0 0.40557446072037495 0.4643308710144943 0.496031746031746 0.011733563368148027
0 0.377688494131142 0.3490906968034979 0.49603174603174605 0.03525710146679099
0 0.38717126783281997 0.4169401796872723 0.24801587301587302 0.03390105910268368
0 0.4613201345437273 0.40376197458380136 0.49603174603174605 0.04259878807994097
0 0.4375023644348517 0.3720023674589445 0.49603174603174605 0.029700582275624728
0 0.351039720168374 0.2962015186600919 0.248015873015873 0.042190762446108705
0 0.3669682656413965 0.35686402277035323 0.248015873015873 0.04302257122657057
0 0.46973048010631935 0.27659630596811074 0.24801587301587302 0.025086783735985895
0 0.4544793463230884 0.24172832677693296 0.24801587301587302 0.02203568841674431
0 0.47973208486286956 0.3588953666214771 0.24801587301587302 0.03132701414884332
0 0.48508746276359754 0.47198637133854515 0.24801587301587302 0.024989812799270147
0 0.49426153142989554 0.4574642320983182 0.248015873015873 0.020539266448380285
0 0.3450904976205857 0.44376003121821544 0.49603174603174605 0.04253416720953662
0 0.41666463634294737 0.4817475153753437 0.24801587301587302 0.030433929986133975
0 0.471140462227724 0.34360369978413335 0.24801587301587302 0.031211676500160608
0 0.3459324939356551 0.3600599190458608 0.24801587301587302 0.01709747276677899
0 0.4128685737491337 0.3449605352118338 0.24801587301587302 0.031007281119412797
0 0.423587665389286 0.3616515002692332 0.24801587301587302 0.029268555075333626
0 0.2945526351374749 0.3172866382351482 0.24801587301587302 0.04663955889998879
0 0.4801644158129334 0.3030723972969391 0.24801587301587302 0.017024832600551404
0 0.2772557425569097 0.3393350218127369 0.24801587301587302 0.022588865668925998
0 0.4252476265800595 0.3851162704217542 0.24801587301587302 0.027425505468609595
0 0.4698663043463387 0.3879046624698915 0.24801587301587302 0.018645582506476046
0 0.4194873013018105 0.39633007282122135 0.49603174603174605 0.03110574611315504
0 0.500140628591846 0.40809729018312585 0.49603174603174605 0.02347280159506958
0 0.382575730551784 0.41591479805964127 0.49603174603174605 0.028967234565115404
0 0.3744524150217379 0.3820135094931336 0.49603174603174605 0.055734425998703145
0 0.39911924572999524 0.2815073158434174 0.24801587301587302 0.01758753199612218
0 0.41829897150760575 0.4655443743632172 0.24801587301587302 0.016016313997522066
0 0.3473097076210129 0.483065043321113 0.49603174603174605 0.03509817427489805
0 0.3174319656912357 0.3416862689536776 0.24801587301587302 0.0307162530636501
0 0.47658856866223054 0.3263715161457463 0.24801587301587302 0.045083532722454134
0 0.3567890355009983 0.4113626825207335 0.24801587301587302 0.020340635461610176
0 0.41462330864263564 0.4112345103650796 0.24801587301587302 0.03966423915013988
0 0.34371936637858597 0.34967669391562334 0.49603174603174605 0.03666738552546257
0 0.33411913228954515 0.3267336292950277 0.24801587301587302 0.021154500202963868
0 0.388718315264119 0.2683515627431435 0.24801587301587302 0.02303718979773754
0 0.48698320725016747 0.2779206216771171 0.24801587301587305 0.04052745669553169
0 0.4612576280045244 0.22524528206837618 0.24801587301587302 0.03559611205781781
0 0.37014565626696755 0.43172013310731544 0.24801587301587302 0.038877914345611435
0 0.4468201466294564 0.4471168307690916 0.24801587301587302 0.013560423641073427
0 0.46248205163054 0.40596142238569044 0.49603174603174605 0.02664191959807787
0 0.488240830294027 0.3847842605012726 0.24801587301587302 0.03886742865699031
0 0.40341140341497034 0.3537628895062439 0.49603174603174605 0.04400086263055512
0 0.4001122781549819 0.3785850361937538 0.49603174603174605 0.026767191433587665
0 0.2706530434039184 0.3130134780800108 0.248015873015873 0.031765187343755066
0 0.399985190583221 0.31988945941572033 0.24801587301587302 0.026200277892381437
0 0.42858374138677974 0.31250338917696696 0.24801587301587302 0.030963964781905277
0 0.44259303798727345 0.2775399915149182 0.24801587301587302 0.021140622290786573
0 0.3532712011836583 0.31671577971392734 0.49603174603174605 0.029934702408894658
0 0.41728030078766915 0.3137235422406471 0.24801587301587305 0.025751766049153885
0 0.4837122167691788 0.45504555919243467 0.24801587301587302 0.026219988744714703
0 0.4929110867960152 0.44088011364673646 0.24801587301587302 0.022367105170532108
0 0.37672967549019065 0.4022930883195706 0.24801587301587302 0.040188306872114006
0 0.43900466762372736 0.39924418939824885 0.24801587301587302 0.015671717410634108
0 0.3905925904346888 0.44080920867761586 0.49603174603174605 0.03941112366579571
0 0.40232255362334207 0.4111380049302167 0.49603174603174605 0.024110334477898492
0 0.42033499070739033 0.4080203462470156 0.49603174603174605 0.02627725907251616
0 0.4094318448382483 0.3884390366801232 0.496031746031746 0.04461687470738285
0 0.25923197382891217 0.3328141983653872 0.24801587301587302 0.027306915435859603
0 0.3132603593681678 0.30115526725901304 0.24801587301587302 0.04607624016809938
0 0.43378695292922265 0.2818228201296315 0.24801587301587302 0.020700192659728466
