0 0.41956089743589736 0.38522355769230765 0.4807692307692308 0.08794230769230765
0 0.3820416666666666 0.3962175480769231 0.4807692307692307 0.05906089743589743
0 0.4566602564102565 0.43585096153846153 0.48076923076923084 0.056903846153846145
0 0.42577884615384615 0.41003605769230766 0.24038461538461542 0.05194871794871792
0 0.35421794871794865 0.43981730769230765 0.4807692307692307 0.06574358974358971
0 0.3762147435897436 0.5177884615384616 0.2403846153846154 0.05884615384615382
0 0.46397756410256413 0.38947956730769234 0.2403846153846154 0.026080128205128242
0 0.354849358974359 0.36143389423076927 0.4807692307692308 0.052592948717948694
0 0.3289551282051282 0.32599519230769225 0.24038461538461536 0.07069871794871793
0 0.35462499999999997 0.3938677884615384 0.2403846153846154 0.07091666666666667
0 0.43877564102564104 0.4380408653846154 0.2403846153846154 0.050224358974358986
0 0.4723846153846153 0.3870841346153846 0.4807692307692308 0.05712179487179488
0 0.281650641025641 0.45334615384615384 0.2403846153846154 0.05101923076923079
0 0.43530769230769234 0.29834375 0.24038461538461542 0.06552564102564104
0 0.2907820512820513 0.40729807692307696 0.2403846153846154 0.07091666666666667
