0 0.036480769230769226 0.58825 0.08974358974358974 0.013913461538461565
0 0.23980769230769228 0.5018525641025641 0.38461538461538464 0.013951923076923068
0 0.1575096153846154 0.8360576923076923 0.2564102564102564 0.020528846153846175
0 0.25224378137899367 0.7064638538843044 0.5128205128205128 0.022160612446196763
0 0.20721153846153847 0.8140000000000001 0.5128205128205128 0.025153846153846124
0 0.22060023200857018 0.7281763265709289 0.38461538461538464 0.025187566779470233
0 0.14608653846153843 0.42754487179487183 0.2564102564102564 0.017990384615384596
0 0.2546153846153846 1.0819871794871796 0.641025641025641 0.026846153846153808
0 0.12517307692307694 0.5989935897435897 0.1282051282051282 0.020721153846153858
0 0.21878846153846157 0.558974358974359 0.5128205128205128 0.02367307692307693
0 0.27958653846153847 0.3810576923076923 0.6410256410256411 0.017471153846153862
0 0.27228846153846153 1.0208076923076923 0.5128205128205128 0.015615384615384625
0 0.21379807692307695 0.9820833333333333 0.38461538461538464 0.029855769230769186
0 0.251875 1.0383333333333336 0.6410256410256411 0.024384615384615397
0 0.19067307692307695 0.5933333333333333 0.38461538461538464 0.021115384615384595
0 0.22620192307692308 0.6618076923076923 0.38461538461538464 0.009115384615384633
0 0.3257884615384616 0.5580897435897435 0.6410256410256411 0.023038461538461518
0 0.21398076923076925 0.6748012820512821 0.38461538461538464 0.02224038461538461
0 0.23516346153846154 0.47007051282051276 0.38461538461538464 0.012067307692307704
0 0.12485576923076923 0.765525641025641 0.1282051282051282 0.029750000000000054
0 0.287125 0.6769999999999999 0.6410256410256411 0.022769230769230722
0 0.15813461538461537 0.7390256410256411 0.38461538461538464 0.02026923076923081
0 0.2469903846153846 0.6469038461538462 0.5128205128205128 0.021855769230769248
0 0.2273269230769231 0.6153076923076923 0.5128205128205128 0.02540384615384617
0 0.2528076923076923 0.8961602564102564 0.641025641025641 0.024990384615384623
0 0.16475000000000004 0.6773141025641025 0.2564102564102564 0.014951923076923033
0 0.2257596153846154 0.44760897435897434 0.5128205128205128 0.02079807692307692
0 0.15722115384615384 0.6966858974358974 0.2564102564102564 0.020163461538461564
0 0.13925961538461537 0.9025833333333335 0.1282051282051282 0.029221153846153834
0 0.17696153846153842 0.558525641025641 0.2564102564102564 0.02542307692307692
0 0.25344787477109754 0.6790407329928247 0.5128205128205128 0.02260555107065749
