0 0.48614666666666667 0.32353125 0.25 0.05349666666666667
0 0.35934666666666665 0.39543625 0.5 0.050943333333333306
0 0.3852133333333333 0.24579375 0.25 0.03962333333333337
0 0.6049433333333333 0.22848125 0.5 0.030136666666666655
0 0.53893 0.17709 0.5 0.042333333333333334
0 0.5029766666666667 0.5816975 0.5 0.06934
0 0.34590333333333334 0.5923099999999999 0.5 0.04952666666666664
0 0.3215 0.37546500000000005 0.25 0.054786666666666636
0 0.3114433333333334 0.33294500000000005 0.25 0.02323333333333335
0 0.45841 0.46581124999999995 0.25 0.040616666666666634
0 0.47648666666666667 0.5445512499999999 0.25 0.02546999999999995
0 0.39826000000000006 0.4171925 0.5000000000000001 0.05943333333333332
0 0.4499133333333333 0.31451125 0.49999999999999994 0.07429000000000004
0 0.3350766666666667 0.29957 0.25 0.05597333333333336
0 0.38199333333333335 0.18148499999999998 0.5 0.06092666666666666
0 0.61929 0.1326925 0.5 0.045919999999999996
0 0.47750666666666663 0.43523500000000004 0.5 0.04811333333333331
0 0.3487366666666667 0.28054999999999997 0.5 0.04457333333333334
0 0.4695166666666666 0.2487375 0.5 0.03604
0 0.42968 0.3045825 0.25 0.03665333333333334
0 0.45064000000000004 0.21301875 0.5 0.023169999999999996
0 0.5330199999999999 0.22396000000000002 0.5 0.026599999999999985
0 0.37844999999999995 0.49148624999999996 0.5 0.0452833333333333
0 0.2309533333333333 0.34866125 0.24999999999999997 0.028570000000000012
0 0.6278999999999999 0.31297 0.49999999999999994 0.03443999999999998
0 0.5652400000000001 0.4729137500000001 0.5 0.033963333333333366
0 0.2736466666666666 0.37988625000000004 0.25 0.04160999999999997
0 0.39302666666666664 0.37498125 0.24999999999999997 0.04210333333333331
0 0.48714 0.361795 0.25000000000000006 0.024766666666666652
0 0.4214633333333333 0.2532425 0.5 0.020593333333333363
