0 0.4199655163292456 0.6554988824580616 0.25 0.031243648926709285
0 0.4670194859345808 0.6493999509894917 0.25 0.01754780282185038
0 0.4135490659285181 0.5993245136686014 0.25 0.041515533505353384
0 0.34184586519261895 0.5789412427078544 0.5 0.055639374800989114
0 0.44007039425152517 0.5593604627298141 0.25 0.071903192050509
0 0.3465512621531524 0.46627150873585144 0.5 0.023967730683503
0 0.3713615370359656 0.5246928522768901 0.5 0.05392739403788179
0 0.35510652935412235 0.43256688746217525 0.5 0.019687778775734615
0 0.34895679856119427 0.38184945735511977 0.25 0.020543769157288352
0 0.44450907160425945 0.1553865020353245 0.5 0.048363456557782875
0 0.5219342397730382 0.23980855341605609 0.5 0.0637712834257491
0 0.490279751129449 0.19695553493952503 0.5 0.04365550945923769
0 0.5454612245757059 0.2139683437729044 0.5 0.015407826867966226
0 0.38077233095703256 0.7415259158042066 0.5 0.02353973549272617
0 0.41098248576822705 0.6851910488182049 0.25 0.045367490222345014
0 0.45846421873361076 0.5782992499216891 0.25 0.047935461367006
0 0.3414181018325704 0.49869214443719706 0.5 0.047935461367006
0 0.4165434094488576 0.45985158087419886 0.25 0.029103672972825127
0 0.4973906844980245 0.446690728757811 0.25 0.02482372106505674
0 0.3854777279175661 0.45872809349840965 0.5 0.055211379610212365
0 0.3918941783182936 0.42454197763510954 0.49999999999999994 0.04023154793302289
0 0.4132823463207187 0.3059338103910778 0.5000000000000001 0.05692336037331969
0 0.49054647073724844 0.165337390220886 0.25 0.07404316800439327
0 0.6139033621834663 0.23194414178553166 0.5 0.029959663354378753
0 0.6040648049023507 0.19454806199140529 0.5 0.046651475794675545
0 0.4558976385733198 0.7099077710855674 0.25 0.0205437691572882
0 0.4665917225745323 0.6757216552222672 0.25 0.03637959121603126
0 0.47215264625516284 0.5954725569516098 0.25 0.028675677782048298
0 0.34484020871295845 0.5303102891558361 0.5 0.047507466176229175
0 0.4068658959199912 0.3635526629494099 0.5 0.05050343251166714
0 0.3452679720730069 0.14238614811547798 0.5 0.061631307471864905
0 0.57283807961881 0.20594343394583864 0.5 0.0119838653417515
0 0.40542156208759655 0.018321042189041584 0.25 0.04065954312379976
0 0.45076447825273774 0.6330291349422775 0.25 0.03209963930826295
0 0.4657361958544354 0.6296586728149098 0.25000000000000006 0.045367490222345014
0 0.4208210430493426 0.5673853725568797 0.25 0.05392739403788179
0 0.3074637526364895 0.5333597548901211 0.25 0.057351355564096596
0 0.4148323560086636 0.5274213216180924 0.25 0.03809157197913858
0 0.3358571781519399 0.5593604627298141 0.5 0.0171198076310737
0 0.4888354172970545 0.5206803973633573 0.25 0.03381162007137027
0 0.40002168215921513 0.48697577608968107 0.5 0.03637959121603141
0 0.37178930039601404 0.4604935736603641 0.5000000000000001 0.04879145174855974
0 0.3961718119187787 0.4357768513930016 0.5 0.045367490222345014
0 0.3764946973565475 0.4218135082939072 0.5 0.04921944693933665
0 0.24329924862921423 0.35745373148084 0.25 0.05307140365632813
0 0.463758422806442 0.29822989695709473 0.5 0.04665147579467551
0 0.4567531652934168 0.14094166434660613 0.25 0.05349939884710496
0 0.5078180488914377 0.2500804379947002 0.5 0.04665147579467547
0 0.5916596674609442 0.028753424964227052 0.5 0.05478338441943548
0 0.38659997424546244 0.5492490763477113 0.25 0.045795485413121846
0 0.43194289041060363 0.4839263103553961 0.25 0.04793546136700608
0 0.4730081729752599 0.4996551336164449 0.25 0.030815653735932452
0 0.36494508663523795 0.5025441011541886 0.5 0.04365550945923754
0 0.27024834031226985 0.3588982152497118 0.25 0.049219446939336574
0 0.4937018580098371 0.3479843378849024 0.5 0.04322751426846078
0 0.4824189668963269 0.2128448563971152 0.25 0.0629152930441954
0 0.4727414533674605 0.2399690516125974 0.5 0.05135942289322077
0 0.4824189668963269 0.6330291349422775 0.25 0.048363456557782986
0 0.36350075280284333 0.5782992499216891 0.25 0.022255749920395678
0 0.4610307988939018 0.548607083561546 0.25 0.05692336037331976
0 0.3516844224737344 0.4773458842972022 0.5000000000000001 0.03038765854515562
0 0.39659957527882717 0.3901953635752682 0.5 0.03680758640680809
0 0.43766485784348336 0.40159073552970154 0.5 0.03980355274224606
0 0.48471882744881867 0.3709355799903104 0.5 0.04108753831457663
0 0.5292062168938628 0.3173291823455112 0.5 0.034239615262147256
0 0.33885152167227933 0.2499199397981589 0.5 0.05307140365632809
0 0.4004494455192636 0.15618899301803105 0.49999999999999994 0.04365550945923766
0 0.583959926980071 0.2189437878656852 0.5 0.032099639308262984
0 0.5783990032994407 0.24462349931229557 0.5 0.04151553350535342
0 0.6613850951488499 0.6723511930948999 0.5 0.04365550945923769
0 0.3540899588817763 0.5418661593068107 0.25 0.06120331228108807
0 0.4695860660948718 0.4842473067484787 0.25 0.0376635767883619
0 0.44049815761157374 0.39388682209571846 0.25 0.04493949503156811
0 0.42568748376212534 0.37879999162083483 0.5 0.05093142770244382
0 0.44023143800377434 0.37623202047617377 0.5 0.0629152930441954
0 0.46033631592605406 0.3571327350877573 0.5 0.05820734594565018
0 0.5343393772144448 0.3027238464602516 0.5 0.023539735492726248
0 0.47129711953506587 0.16613988120359258 0.25 0.056495365182542855
0 0.5270674000936203 0.18491817019892642 0.49999999999999994 0.025251716255833532
0 0.4937018580098371 0.2847480484476243 0.5 0.054355389228658624
0 0.5518776749764335 0.2746366620655214 0.5 0.022255749920395678
0 0.44477579121205874 0.6853515470147462 0.25 0.0492194469393365
0 0.47814133329584185 0.6132878567676957 0.25 0.023967730683503
0 0.3810390505648319 0.6123248675884478 0.25 0.05820734594565025
0 0.42253209648953666 0.5872871489280028 0.24999999999999997 0.035951596025254426
0 0.3452679720730069 0.5494095745442525 0.5 0.017975798012627213
0 0.49482410433773344 0.5423476538964346 0.25 0.022255749920395678
0 0.4302318369704096 0.5020626065645647 0.24999999999999997 0.049219446939336574
0 0.2077948897451885 0.45214766744021573 0.25 0.043655509459237615
0 0.4466478884045018 0.17143632168945594 0.5 0.05349939884710496
0 0.5407558276151725 0.11654593847232629 0.5 0.05264340846555126
