0 0.4273958333333333 0.31074609375 0.546875 0.040593750000000026
0 0.38228125 0.22450781250000001 0.46875 0.0690833333333333
0 0.4640104166666667 0.28053125 0.625 0.0715208333333333
0 0.4327083333333334 0.23725781249999994 0.625 0.041999999999999996
0 0.14955208333333334 0.3451328125 0.15625 0.03150000000000001
0 0.28010416666666665 0.27742578125 0.3125 0.05280208333333333
0 0.41508333333333336 0.22570703124999997 0.46875 0.07419791666666666
0 0.5635833333333333 0.3416015625 0.703125 0.046104166666666654
0 0.22765625 0.2537890625 0.234375 0.062291666666666676
0 0.5084375 0.26955859375 0.625 0.06898958333333335
0 0.21407291666666667 0.23174609375 0.3125 0.04969791666666665
0 0.54971875 0.356421875 0.78125 0.037791666666666696
0 0.24252083333333332 0.6920078125 0.234375 0.09637499999999997
0 0.16635416666666666 0.30366015625 0.15625 0.06509375
0 0.4705000000000001 0.35589453125000003 0.625 0.07419791666666668
