0 0.41116907372081757 0.47457388748069734 0.4807692307692307 0.03588932519194011
0 0.4921721528050306 0.4891395005864501 0.4807692307692308 0.05201183071179021
0 0.4434553649087363 0.4819524243897943 0.2403846153846154 0.02599442182630845
0 0.41275634464244504 0.38836575844349763 0.4807692307692308 0.023015122551482484
0 0.3467896137589321 0.3647744447508881 0.48076923076923084 0.04278248592246602
0 0.4069134577615942 0.4039691589108688 0.24038461538461536 0.018894343764593386
0 0.3159822624608943 0.3962520649311835 0.2403846153846154 0.021662018188590374
0 0.47723257844624645 0.43910224466048875 0.4807692307692308 0.04278248592246595
0 0.4109989730165484 0.4903806334777623 0.4807692307692308 0.03613640412789272
0 0.46640743614854396 0.4100616015264098 0.4807692307692308 0.02382822000744941
0 0.360310791490941 0.43514209093309314 0.4807692307692308 0.025688775251066723
0 0.37493498373295836 0.4803277730256498 0.4807692307692308 0.033455597689380404
0 0.3211507928966452 0.44895268396502247 0.4807692307692308 0.03292631153210135
0 0.4247306383023897 0.4098585201058918 0.4807692307692308 0.04169938501303643
0 0.35220218490778266 0.4163571255624689 0.4807692307692308 0.020878850479844967
0 0.37439372661807335 0.39503357640807524 0.4807692307692308 0.03574233001117411
0 0.24237129483651768 0.4240742195421543 0.2403846153846154 0.05036419228847258
0 0.4333907521405515 0.44458544301447583 0.4807692307692308 0.06281985274691208
0 0.5210376888367584 0.4809368852326161 0.4807692307692308 0.05249565062658322
0 0.4442601986886682 0.45636416540452174 0.2403846153846154 0.0422409354677513
0 0.4323525421611955 0.41615404414195084 0.2403846153846154 0.018412715460301817
0 0.36956671683452136 0.44966247852742663 0.2403846153846154 0.04061628410360684
0 0.3696128764204101 0.4226526495985277 0.2403846153846154 0.04765644001489875
0 0.162525143250319 0.3842182226638147 0.21634615384615385 0.046396076630718035
0 0.16767781298237083 0.3867072381668359 0.2403846153846154 0.05469659592619066
0 0.45269575406593127 0.4914297662373594 0.4807692307692308 0.04200894525558196
0 0.3388620627555877 0.38975359152919403 0.4807692307692308 0.017935327090443036
0 0.48914023497371917 0.39015962231564244 0.4807692307692308 0.03899163273946267
0 0.4539809291159559 0.39787671629532784 0.2403846153846154 0.028933414770693187
0 0.4052896864169394 0.37858398134611443 0.2403846153846154 0.0514472931979021
0 0.33546361867045166 0.40518764743397717 0.2403846153846154 0.01779626549333765
0 0.29812077766968526 0.4382899189784167 0.2403846153846154 0.05036419228847258
0 0.14800572684733923 0.39340892504393105 0.21634615384615385 0.04971871379354513
0 0.4447571515531391 0.47809387739995146 0.4807692307692308 0.03736698137531836
0 0.4780811748374792 0.40308935951293706 0.2403846153846154 0.031165498325034072
0 0.32942429736210627 0.43155462729797955 0.4807692307692308 0.025937823453850154
0 0.3327169287719189 0.37106996878694715 0.4807692307692308 0.036825430920603634
0 0.4150625356625771 0.46861546791475994 0.2403846153846154 0.06715402236349785
0 0.2871716368946279 0.4149172540199677 0.2403846153846154 0.020340889543325528
0 0.27154664052383576 0.38909217675624763 0.2403846153846154 0.04477151580167847
0 0.20881335371363965 0.42021567255231146 0.2403846153846154 0.027173383111889757
0 0.1750433401698499 0.41920026544972144 0.21634615384615385 0.057945898654479286
0 0.1720519055674475 0.3601890648215915 0.2403846153846154 0.022535742341522662
0 0.509708005339354 0.4135817235002518 0.4807692307692308 0.0415047289510119
0 0.4009153252474442 0.4252927080652624 0.4807692307692308 0.04386558683189547
0 0.38574053696619576 0.36778679714614104 0.4807692307692307 0.04303259031948094
0 0.4740293400073499 0.3856918310642457 0.2403846153846154 0.030326825464026524
0 0.2726816932700845 0.4332128834654658 0.2403846153846154 0.040074733648892115
0 0.34728911849365957 0.400009137238061 0.4807692307692307 0.021349102482718197
0 0.48440237885093457 0.4381544433283456 0.4807692307692307 0.05756412345198644
0 0.34240251018017837 0.4925126582567319 0.4807692307692308 0.023868131377592507
0 0.5368234414567511 0.4734230047280366 0.4807692307692308 0.06606915547520056
0 0.40095413555880305 0.5062875336119129 0.4807692307692308 0.03387838629709024
0 0.33748520775898844 0.4541298736150595 0.4807692307692307 0.03682543092060378
0 0.38036357461669135 0.4641491292638301 0.4807692307692308 0.03643903317916878
0 0.32135052935933134 0.4782969588204695 0.4807692307692308 0.036825430920603634
0 0.38952221386571184 0.4484439900043184 0.4807692307692308 0.02316599352566096
0 0.4471496019400585 0.43382225978160793 0.2403846153846154 0.03998756366598505
0 0.37334125286894365 0.4612381194969546 0.2403846153846154 0.055238146380905455
0 0.2559027227086457 0.3858949124847637 0.2403846153846154 0.04494868774132499
0 0.22257524894840944 0.3982828791363633 0.2403846153846154 0.03790853183003439
0 0.5118136580318641 0.44255462880929536 0.4807692307692307 0.0389916327394626
0 0.4166691546826804 0.44756445471556217 0.4807692307692307 0.03902921360000095
0 0.4789310264060666 0.5081048025672948 0.4807692307692307 0.04505168827724479
0 0.439344580404288 0.5118053932059452 0.4807692307692308 0.04278248592246602
0 0.417694295808883 0.5239902784370273 0.4807692307692308 0.016788064096157577
0 0.501493533564298 0.375334678617826 0.4807692307692307 0.027551144453145927
0 0.3453644487088903 0.42263837188265163 0.2403846153846154 0.029039042902713873
0 0.34791643223911645 0.43941860830379187 0.2403846153846154 0.02063542609736318
0 0.3325766099892609 0.38352567326358267 0.24038461538461542 0.041504728951011975
0 0.2737642074998548 0.4478347457427642 0.24038461538461536 0.052020209992328474
