1 0.22769999999999996 0.8583583333333333 0.5 0.08503749999999996
0 0.22176875000000001 0.7734708333333333 0.5 0.02015625
0 0.20635625000000005 0.9909083333333335 0.5 0.058262500000000016
0 0.18248125 0.39955416666666665 0.4166666666666667 0.046356249999999974
0 0.2848375 0.4893333333333334 0.75 0.033712500000000034
0 0.15 0.8982833333333334 0.3333333333333333 0.028887500000000017
0 0.1685875 0.8121333333333333 0.4166666666666667 0.047075000000000033
0 0.23184999999999995 0.5649500000000001 0.5 0.022537500000000037
0 0.24719999999999998 0.9957958333333333 0.5 0.02161874999999995
0 0.24880000000000002 0.6641416666666667 0.5833333333333334 0.03572499999999998
0 0.22559375000000004 1.0778833333333333 0.5 0.029312500000000057
0 0.22366249999999993 0.5377041666666666 0.5833333333333334 0.038106250000000015
0 0.16574375 0.714225 0.3333333333333333 0.04158749999999998
0 0.348475 0.7127708333333334 0.8333333333333334 0.04088124999999998
0 0.23605624999999997 0.7447666666666667 0.5 0.028400000000000033
0 0.20702500000000001 0.6861249999999999 0.4166666666666667 0.03462499999999999
0 0.10741875000000001 0.7435625 0.16666666666666666 0.042506249999999995
0 0.24575625 0.4793208333333333 0.5 0.020518750000000027
0 0.2097625 0.8010541666666667 0.4166666666666667 0.027693750000000038
0 0.09926249999999999 0.3074416666666667 0.25 0.02463750000000001
0 0.26043125000000006 0.8736875000000002 0.6666666666666666 0.033718750000000026
0 0.25451250000000003 0.5201249999999998 0.6666666666666666 0.030899999999999962
0 0.2760125 0.39224583333333335 0.5833333333333334 0.04090624999999999
0 0.16334375 0.8289833333333333 0.3333333333333333 0.048174999999999954
0 0.25165 0.589975 0.5833333333333334 0.048100000000000025
0 0.19484375 0.5747041666666667 0.5 0.02201875000000001
0 0.18943125000000002 0.6535875000000001 0.4166666666666667 0.04961874999999999
0 0.21526875000000004 0.42410416666666667 0.41666666666666663 0.03884374999999998
0 0.2388125 0.6849125 0.5 0.03829374999999999
0 0.13890625 0.3468125 0.25 0.034156249999999985
0 0.24400625000000006 0.8964833333333333 0.5833333333333334 0.041225000000000026
0 0.19043750000000004 0.28997500000000004 0.5 0.028949999999999997
0 0.20793750000000003 1.1362749028589405 0.41666666666666674 0.034074854288410845
0 0.16929375 0.70225 0.4166666666666667 0.03646250000000002
0 0.18011250000000004 0.5791208333333334 0.41666666666666663 0.045618750000000007
0 0.2709375 0.804375 0.5833333333333334 0.043787499999999965
0 0.23632499999999992 0.6224875 0.5833333333333334 0.026381250000000023
0 0.11673750000000002 0.9236916666666666 0.25 0.04698750000000004
0 0.10578125 0.8191625 0.25 0.03578125
