0 0.6092075163398692 0.3943030024509804 0.3063725490196078 0.023811274509803908
0 0.4299101307189543 0.3165226715686274 0.30637254901960786 0.01489379084967317
0 0.3613194444444444 0.27457720588235296 0.30637254901960786 0.03518790849673202
0 0.15737745098039216 0.4257061887254902 0.18382352941176472 0.03470996732026145
0 0.38645424836601305 0.26488204656862746 0.30637254901960786 0.016515522875816972
0 0.20663398692810458 0.4081908700980392 0.2757352941176471 0.013018790849673159
0 0.4515645424836602 0.24728707107843137 0.30637254901960786 0.011727941176470602
0 0.1878839869281046 0.47275735294117643 0.2757352941176471 0.024305555555555556
0 0.2382312091503268 0.5087469362745098 0.30637254901960786 0.03803104575163395
0 0.4423515683257218 0.3722560819039053 0.30637254901960786 0.03285726476591099
0 0.20877859477124183 0.4406066176470588 0.30637254901960786 0.027050653594771254
0 0.5706821895424836 0.3197104779411765 0.30637254901960786 0.02241421568627451
0 0.41229166666666667 0.32611979166666666 0.30637254901960786 0.016572712418300627
0 0.16464869281045755 0.42579656862745097 0.24509803921568626 0.01675653594771241
0 0.2521772875816994 0.3611994485294118 0.30637254901960786 0.02497957516339873
0 0.18259395424836602 0.3889613970588235 0.24509803921568626 0.019828431372549006
0 0.1656045751633987 0.4049693627450981 0.24509803921568626 0.013406862745098013
0 0.1909640522875817 0.44663143382352943 0.24509803921568626 0.03707107843137255
0 0.17001225490196076 0.31630821078431376 0.24509803921568626 0.02718137254901964
0 0.18220012140348887 0.3951848913385854 0.21446078431372548 0.014121732026143766
0 0.1803145424836601 0.43944514191193595 0.24509803921568626 0.02384890261392263
0 0.18393790849673203 0.4517447916666667 0.24509803921568626 0.026842320261437923
0 0.2534885620915033 0.4847012867647059 0.30637254901960786 0.03935866013071892
0 0.24410539215686272 0.24640165441176473 0.30637254901960786 0.019857026143790854
0 0.14890114379084968 0.44858149509803924 0.21446078431372548 0.012426470588235324
0 0.15857843137254904 0.4389001225490196 0.18382352941176472 0.015318627450980392
0 0.3246813725490196 0.3746691176470588 0.30637254901960786 0.03884803921568624
0 0.22694035947712415 0.24731158088235292 0.30637254901960786 0.015665849673202625
0 0.45467320261437916 0.27780790441176473 0.30637254901960786 0.030878267973856222
0 0.2327042483660131 0.4968918504901961 0.30637254901960786 0.03604166666666667
0 0.19832924836601312 0.45596434069994957 0.2757352941176471 0.03495719611489808
0 0.18763480392156864 0.24672947303921566 0.24509803921568626 0.042716503267973834
0 0.14009803921568628 0.3578109681372549 0.15318627450980393 0.024007352941176462
0 0.3213406901573507 0.27610415064994864 0.30637254901960786 0.015318627450980392
0 0.3345098039215686 0.3006985294117647 0.30637254901960786 0.031119281045751613
0 0.5675653594771242 0.3333425245098039 0.30637254901960786 0.01491013071895425
0 0.2090482026143791 0.36908700980392156 0.30637254901960786 0.0210866013071895
0 0.21058823529411763 0.49573223039215686 0.30637254901960786 0.036928104575163434
0 0.12984068627450981 0.36366574754901965 0.15318627450980393 0.0195792483660131
0 0.36752859477124183 0.36784160539215693 0.30637254901960786 0.030412581699346422
0 0.4755024509803921 0.24118412990196075 0.30637254901960786 0.016515522875816972
0 0.40158905228758174 0.35591758578431376 0.30637254901960786 0.023688725490196082
0 0.20689950980392158 0.4573238357843137 0.30637254901960786 0.033043300653594815
0 0.11935866013071893 0.39801623774509803 0.15318627450980393 0.03426062091503264
0 0.42194035947712405 0.33478037610160555 0.30637254901960786 0.01952871535591541
0 0.4163766339869281 0.27206341911764703 0.30637254901960786 0.019391339869281057
0 0.215359477124183 0.260969669117647 0.2757352941176471 0.016866830065359464
0 0.4334599673202615 0.361015625 0.30637254901960786 0.035739379084967327
0 0.13435866013071898 0.35387714460784314 0.18382352941176472 0.018647875816993502
0 0.3541339869281046 0.2959405637254902 0.30637254901960786 0.02082516339869282
0 0.18168709150326798 0.30588694852941173 0.24509803921568626 0.019129901960784332
0 0.1446936274509804 0.3976991421568628 0.18382352941176472 0.03662581699346409
0 0.20737336601307188 0.33619178921568627 0.30637254901960786 0.02933823529411762
0 0.19601307189542486 0.41029411764705886 0.24509803921568626 0.03144607843137256
0 0.2186601307189543 0.33294730392156857 0.2757352941176471 0.03318627450980392
0 0.45739379084967324 0.3437208946078431 0.30637254901960786 0.027463235294117653
0 0.36442810457516334 0.29432751225490195 0.3063725490196078 0.03949754901960782
0 0.1727246732026144 0.24310049019607843 0.24509803921568626 0.02337418300653596
0 0.4132638888888888 0.2584191176470588 0.30637254901960786 0.02082516339869282
0 0.26249999999999996 0.35048406862745096 0.3063725490196078 0.02281862745098035
0 0.343843954248366 0.273140318627451 0.30637254901960786 0.030400326797385604
0 0.09759395424836602 0.36226868872549023 0.12254901960784313 0.02004493464052285
0 0.15442810457516337 0.3997625612745098 0.21446078431372548 0.014840686274509775
0 0.39339460784313723 0.2515073529411765 0.30637254901960786 0.026331699346405245
0 0.08958333333333333 0.40815410539215685 0.09191176470588236 0.025404411764705905
0 0.21843954248366013 0.3231158088235294 0.30637254901960786 0.03150326797385621
0 0.21550653594771244 0.3010232843137255 0.2757352941176471 0.028831699346405247
0 0.20542075163398693 0.38266544117647056 0.2757352941176471 0.021813725490196115
0 0.32493055555555556 0.29657015931372555 0.30637254901960786 0.021066176470588255
0 0.2286070261437909 0.26829503676470584 0.30637254901960786 0.017610294117647064
0 0.14764297385620917 0.3481969975490196 0.18382352941176472 0.02354166666666671
0 0.1731045751633987 0.41421568627450983 0.21446078431372548 0.01508169934640526
0 0.19837826797385621 0.3268229166666667 0.2757352941176471 0.019975490196078468
0 0.4431454248366013 0.32863357843137253 0.3063725490196078 0.01953431372549017
0 0.38484477124183003 0.3424494485294118 0.3063725490196078 0.02663807189542485
0 0.14182189542483659 0.43154258578431365 0.18382352941176472 0.022504084967320228
0 0.4716789215686274 0.2688097426470588 0.30637254901960786 0.03779003267973856
0 0.15275326797385624 0.390516237745098 0.21446078431372548 0.013165849673202622
0 0.1526266339869281 0.36226868872549023 0.21446078431372548 0.011654411764705871
