0 0.598098544973545 0.44753844246031743 0.7440476190476191 0.04159060846560846
0 0.671957671957672 0.400844494047619 0.9920634920634921 0.029705687830687808
0 0.5100892857142858 0.42954489087301584 0.7440476190476191 0.043191137566137607
0 0.5740939153439153 0.3925024801587302 0.7440476190476191 0.0395899470899471
0 0.821335978835979 0.33250992063492063 0.7440476190476191 0.04169973544973542
0 0.48160383597883594 0.43335441468253966 0.248015873015873 0.05451388888888886
0 0.7116203703703704 0.4218353174603175 0.7440476190476191 0.030846560846560837
0 0.5064880952380952 0.4710825892857142 0.7440476190476191 0.05558531746031743
0 0.46950727513227514 0.4426078869047619 0.49603174603174605 0.04594907407407409
0 0.5468915343915345 0.46313616071428565 0.7440476190476191 0.05358796296296295
0 0.3836706349206349 0.46177331349206346 0.24801587301587302 0.04984126984126985
0 0.38221891534391533 0.3998660714285714 0.49603174603174605 0.06905423280423278
0 0.3945767195767196 0.4290637400793651 0.24801587301587302 0.05866732804232807
0 0.7990509259259259 0.37770833333333337 0.7440476190476191 0.0434126984126984
0 0.6707109788359789 0.3608010912698413 0.9920634920634921 0.057175925925925956
0 0.5332903439153439 0.39340277777777777 0.7440476190476191 0.02759259259259261
0 0.2422387566137566 0.3960788690476191 0.24801587301587302 0.057506613756613784
0 0.5800992063492063 0.41979662698412695 0.7440476190476191 0.04119047619047617
0 0.40870701058201053 0.43491071428571426 0.496031746031746 0.06541666666666665
0 0.7664814814814815 0.41219742063492065 0.7440476190476191 0.037129629629629624
0 0.33846560846560847 0.4011979166666667 0.24801587301587302 0.10955026455026454
