0 0.048666093828829776 1.1062533186516335 0.15765765765765766 0.02364408494217614
0 0.007570717771096339 0.9119271139838802 0.02728059241263643 0.03435084038768988
0 0.014374531564919725 0.9354943345499693 0.04504504504504504 0.03301249595700064
0 0.06280036657196385 0.5900324684180198 0.22522522522522523 0.02041421371611282
0 0.22727540781414918 0.8230759836385511 0.4504504504504504 0.020055976696773115
0 0.19529080304319246 0.9046013711476442 0.45045045045045046 0.01567341234165134
0 0.03138156641398027 0.9102732739441547 0.11261261261261261 0.03078192190585192
0 0.2216860402298915 1.14364350901651 0.45045045045045046 0.03474128006960291
0 0.13437819955224561 0.8841169812099872 0.22522522522522523 0.02074826448601287
0 0.21592708179880907 0.7870749399670184 0.4504504504504504 0.02316085337973525
0 0.0563979418104351 0.6644221934048754 0.18018018018018017 0.02922944236625249
0 0.11383285402763722 1.1952492556513428 0.22522522522522523 0.02557344227345777
0 0.07267402624611773 0.9332265930575988 0.22522522522522523 0.03194099992449059
0 0.08752607610831156 0.7335786134855748 0.22522522522522523 0.039369139441814
0 0.025861217402180312 0.8383312322160926 0.09009009009009009 0.022751855321716596
0 0.23471031154978725 1.1463266990969605 0.45045045045045046 0.028951066724669045
0 0.058671499538785254 0.44684299777858083 0.20270270270270271 0.026445685950418872
0 0.10683374092916349 0.8760859644214677 0.22522522522522523 0.03416944177968756
0 0.23632670073268117 1.0399349959323012 0.6756756756756757 0.026741302262364222
0 0.05480092590216212 0.8784368531794376 0.20270270270270271 0.022305740511486965
0 0.03522696148905473 1.0376189570030228 0.09009009009009009 0.02096739608079765
0 0.09575815941183137 0.9459818397566382 0.22522522522522523 0.015440568919823523
0 0.20480272555595255 1.1409603189360593 0.45045045045045046 0.033776244512114015
0 0.1396547775640726 1.0488374595072503 0.22522522522522523 0.03474128006960291
0 0.04118279785097117 0.6794721377663783 0.13513513513513514 0.034332995795280624
0 0.02167883183136241 0.9235039942619592 0.06756756756756757 0.022751855321716596
0 0.05918090576767778 0.6042224159588652 0.18018018018018017 0.029229442366252422
0 0.12150440273671367 0.7004658396525832 0.22522522522522523 0.013726609545530434
0 0.048220106015169094 0.9416962346989403 0.15765765765765766 0.025428544183095154
0 0.1994965409441432 0.8346294514179321 0.45045045045045046 0.01592308669856804
0 0.2062498668137188 0.8623557489159231 0.45045045045045046 0.03232869117588046
0 0.16765943327328695 1.1405131205893173 0.45045045045045046 0.013027980026101144
0 0.1157623757046588 1.0575121648548707 0.22522522522522523 0.03039862006090253
0 0.10949143025433862 1.151423817670647 0.22522522522522523 0.02074826448601287
0 0.29870531015389523 0.8395985750514081 0.6756756756756757 0.02302723250370252
0 0.11721605837459172 0.7537385717014355 0.22522522522522523 0.03603235005701726
0 0.04403772044435121 0.9793210956026969 0.13513513513513514 0.01249121468643269
0 0.134860579971501 0.721336782995975 0.22522522522522523 0.03425876229085846
0 0.10881203733170952 0.7445910970265481 0.22522522522522523 0.03232869117588046
0 0.07717194216422699 1.1836220986360562 0.22522522522522523 0.031363655618391564
0 0.046343879089669957 0.8574980490820034 0.15765765765765766 0.02748411621409652
0 0.18993037259054002 0.8644633339409171 0.45045045045045046 0.026809784268614033
0 0.016604470633223154 0.8577638526828681 0.04504504504504504 0.031228036716081695
0 0.092021488123012 0.49242282927341724 0.22522522522522523 0.031085279976808156
